authors,created,days_abandoned,days_alive,description,id,is_prerelease,last_updated,listed,missing_info,summary,tags,total_downloads,verified,version
Daniel Redondo,2018-02-23T13:30:43.773Z,1,56,"TWCore Framework.
A multipurpose framework library for .net core",TWCore.Data.SqlServer,False,2018-04-19T13:23:27.24+00:00,True,False,,"TWCore,Tony,Wanhjör,Daniel,Redondo,Framework",6647,False,0.2.81
Daniel Redondo,2018-02-23T13:30:55.24Z,1,56,"TWCore Framework.
A multipurpose framework library for .net core",TWCore.Geo,False,2018-04-19T13:23:30.617+00:00,True,False,,"TWCore,Tony,Wanhjör,Daniel,Redondo,Framework",6598,False,0.2.81
何镇汐,2018-02-23T13:15:11.36Z,1,56,"Util.Core是Util应用框架的核心类库。
Util是一个.net core平台下的应用框架，旨在提升小型团队的开发输出能力，由常用公共操作类(工具类)、分层架构基类、Ui组件，第三方组件封装，第三方业务接口封装，配套代码生成模板，权限等组成。",Util.Core,True,2018-04-20T03:36:22.553+00:00,True,False,,"util,applicationframework,dotnetcore,aspnetcore",5602,False,1.0.7-preview4
Daniel Redondo,2018-02-23T13:30:30.727Z,1,56,"TWCore Framework.
A multipurpose framework library for .net core",TWCore.Data.SQLite,False,2018-04-19T13:23:23.897+00:00,True,False,,"TWCore,Tony,Wanhjör,Daniel,Redondo,Framework",6433,False,0.2.81
何镇汐,2018-02-23T13:16:21.927Z,1,56,"Util.Events是Util应用框架的事件总线操作类库。
Util是一个.net core平台下的应用框架，旨在提升小型团队的开发输出能力，由常用公共操作类(工具类)、分层架构基类、Ui组件，第三方组件封装，第三方业务接口封装，配套代码生成模板，权限等组成。",Util.Events,True,2018-04-20T03:36:41.163+00:00,True,False,,"util,applicationframework,dotnetcore,aspnetcore",4406,False,0.2.0-preview
何镇汐,2018-02-23T13:18:09.417Z,1,56,"Util.Ui.Core是Util应用框架的Ui核心类库。
Util是一个.net core平台下的应用框架，旨在提升小型团队的开发输出能力，由常用公共操作类(工具类)、分层架构基类、Ui组件，第三方组件封装，第三方业务接口封装，配套代码生成模板，权限等组成。",Util.Ui.Core,True,2018-04-20T03:37:02.243+00:00,True,False,,"util,applicationframework,dotnetcore,aspnetcore",4311,False,0.2.0-preview
DHI,2018-02-23T13:14:58.597Z,43209,56,Core library for Domain Services.,DHI.Services,False,1900-01-01T00:00:00+00:00,False,False,Core library for Domain Services.,,-1,False,9.0.1
demystifyfp,2018-02-23T13:04:57.107Z,56,56,F# Libary for managing configuration data from environment variables and application config in a type-safe way,FsConfig,False,2018-02-23T13:04:57.107+00:00,True,False,F# Libary for managing configuration data from environment variables and application config in a type-safe way,"fsharp,config,typeshape,envvar,appconfig,environment-variables",399,False,0.0.5
Daniel Redondo,2018-02-23T13:30:18.223Z,1,56,"TWCore Framework.
A multipurpose framework library for .net core",TWCore.Data.PostgreSQL,False,2018-04-19T13:23:20.037+00:00,True,False,,"TWCore,Tony,Wanhjör,Daniel,Redondo,Framework",6434,False,0.2.81
Enferno AB,2018-02-23T13:11:35.353Z,1,56,Contracts for Storm Connect.,Enferno.Services.StormConnect.Contracts,True,2018-04-19T11:54:38.803+00:00,True,False,,"Enferno,Services,StormConnect,Contracts",10454,False,2.2.18-beta3
何镇汐,2018-02-23T13:17:23.04Z,1,56,"Util.Tools.Sms是Util应用框架的短信操作类库。
Util是一个.net core平台下的应用框架，旨在提升小型团队的开发输出能力，由常用公共操作类(工具类)、分层架构基类、Ui组件，第三方组件封装，第三方业务接口封装，配套代码生成模板，权限等组成。",Util.Tools.Sms,True,2018-04-20T03:36:53.117+00:00,True,False,,"util,applicationframework,dotnetcore,aspnetcore",4297,False,0.2.0-preview
Daniel Redondo,2018-02-23T13:30:18.223Z,1,56,"TWCore Framework.
A multipurpose framework library for .net core",TWCore.Data.PostgreSQL,False,2018-04-19T13:23:20.037+00:00,True,False,,"TWCore,Tony,Wanhjör,Daniel,Redondo,Framework",6434,False,0.2.81
Daniel Redondo,2018-02-23T13:30:30.727Z,1,56,"TWCore Framework.
A multipurpose framework library for .net core",TWCore.Data.SQLite,False,2018-04-19T13:23:23.897+00:00,True,False,,"TWCore,Tony,Wanhjör,Daniel,Redondo,Framework",6433,False,0.2.81
Daniel Redondo,2018-02-23T13:30:55.24Z,1,56,"TWCore Framework.
A multipurpose framework library for .net core",TWCore.Geo,False,2018-04-19T13:23:30.617+00:00,True,False,,"TWCore,Tony,Wanhjör,Daniel,Redondo,Framework",6598,False,0.2.81
Daniel Redondo,2018-02-23T13:30:43.773Z,1,56,"TWCore Framework.
A multipurpose framework library for .net core",TWCore.Data.SqlServer,False,2018-04-19T13:23:27.24+00:00,True,False,,"TWCore,Tony,Wanhjör,Daniel,Redondo,Framework",6647,False,0.2.81
Daniel Redondo,2018-02-23T13:29:27.503Z,1,56,"TWCore Framework.
A multipurpose framework library for .net core",TWCore.Cache.Server,False,2018-04-19T13:23:05.537+00:00,True,False,,"TWCore,Tony,Wanhjör,Daniel,Redondo,Framework",6821,False,0.2.81
Daniel Redondo,2018-02-23T13:29:15.143Z,1,56,"TWCore Framework.
A multipurpose framework library for .net core",TWCore.Cache.Client,False,2018-04-19T13:23:00.943+00:00,True,False,,"TWCore,Tony,Wanhjör,Daniel,Redondo,Framework",6879,False,0.2.81
Ken Yourek,2018-02-23T13:29:13.113Z,56,56,Pagination offers easy control over paged results from IQueryable sources.,Pagination,False,2018-02-23T20:18:26.91+00:00,True,False,,,5889,False,2.1.2
Daniel Redondo,2018-02-23T13:29:01.567Z,1,56,"TWCore Framework.
A multipurpose framework library for .net core",TWCore.Cache,False,2018-04-19T13:22:57.1+00:00,True,False,,"TWCore,Tony,Wanhjör,Daniel,Redondo,Framework",6857,False,0.2.81
Ken Yourek,2018-02-23T13:29:27.427Z,56,56,Pagination offers easy control over paged results from IQueryable sources.,Pagination.Web,False,2018-02-23T20:18:39.787+00:00,True,False,,,817,False,2.1.2
Daniel Redondo,2018-02-23T13:29:27.503Z,1,56,"TWCore Framework.
A multipurpose framework library for .net core",TWCore.Cache.Server,False,2018-04-19T13:23:05.537+00:00,True,False,,"TWCore,Tony,Wanhjör,Daniel,Redondo,Framework",6821,False,0.2.81
Ken Yourek,2018-02-23T13:29:27.427Z,56,56,Pagination offers easy control over paged results from IQueryable sources.,Pagination.Web,False,2018-02-23T20:18:39.787+00:00,True,False,,,817,False,2.1.2
Ken Yourek,2018-02-23T13:29:13.113Z,56,56,Pagination offers easy control over paged results from IQueryable sources.,Pagination,False,2018-02-23T20:18:26.91+00:00,True,False,,,5889,False,2.1.2
Daniel Redondo,2018-02-23T13:29:15.143Z,1,56,"TWCore Framework.
A multipurpose framework library for .net core",TWCore.Cache.Client,False,2018-04-19T13:23:00.943+00:00,True,False,,"TWCore,Tony,Wanhjör,Daniel,Redondo,Framework",6879,False,0.2.81
Daniel Redondo,2018-02-23T13:29:01.567Z,1,56,"TWCore Framework.
A multipurpose framework library for .net core",TWCore.Cache,False,2018-04-19T13:22:57.1+00:00,True,False,,"TWCore,Tony,Wanhjör,Daniel,Redondo,Framework",6857,False,0.2.81
VssAdministrator,2018-02-23T13:24:50.12Z,38,56,Description,EPasaule.Rib.Common.DocsVision,False,2018-03-13T07:13:30.98+00:00,True,False,,,487,False,1.0.0
VssAdministrator,2018-02-23T13:24:50.12Z,38,56,Description,EPasaule.Rib.Common.DocsVision,False,2018-03-13T07:13:30.98+00:00,True,False,,,487,False,1.0.0
KsWare,2018-02-23T13:12:22.763Z,11,56,Excecutes commands on build.,KsWare.MSBuildTargets,False,2018-04-09T18:02:21.32+00:00,True,False,,"msbuild,NuGet,package,visual-studio,KsWare",4004,False,0.1.55
何镇汐,2018-02-23T13:17:37.273Z,1,56,"Util.Ui.Abstractions是Util应用框架的Ui抽象层类库。
Util是一个.net core平台下的应用框架，旨在提升小型团队的开发输出能力，由常用公共操作类(工具类)、分层架构基类、Ui组件，第三方组件封装，第三方业务接口封装，配套代码生成模板，权限等组成。",Util.Ui.Abstractions,True,2018-04-20T03:36:55.883+00:00,True,False,,"util,applicationframework,dotnetcore,aspnetcore",4368,False,0.2.0-preview
何镇汐,2018-02-23T13:17:52.93Z,1,56,"Util.Ui.Angular是Util应用框架的Angular组件类库，集成封装Material,PrimeNG等组件。
Util是一个.net core平台下的应用框架，旨在提升小型团队的开发输出能力，由常用公共操作类(工具类)、分层架构基类、Ui组件，第三方组件封装，第三方业务接口封装，配套代码生成模板，权限等组成。",Util.Ui.Angular,True,2018-04-20T03:37:08.65+00:00,True,False,,"util,applicationframework,dotnetcore,aspnetcore",4730,False,0.2.0-preview
何镇汐,2018-02-23T13:18:55.293Z,1,56,"Util.Webs是Util应用框架的Asp.Net Core操作类库。
Util是一个.net core平台下的应用框架，旨在提升小型团队的开发输出能力，由常用公共操作类(工具类)、分层架构基类、Ui组件，第三方组件封装，第三方业务接口封装，配套代码生成模板，权限等组成。",Util.Webs,True,2018-04-20T03:37:05.18+00:00,True,False,,"util,applicationframework,dotnetcore,aspnetcore",4680,False,0.2.0-preview
Max-Planck-Institute of Biochemistry,2018-02-23T13:21:50.597Z,1,56,PerseusApi implementation,PerseusLibS,False,2018-04-20T09:10:17.28+00:00,True,False,,,69455,False,1.6.0.1655
Thom Brink,2018-02-23T13:20:46.233Z,14,56,Package Description,ThomSoft.Microsoft.EntityFrameworkCore.AuditTrail,False,2018-04-06T09:10:08.503+00:00,True,False,,,673,False,1.0.4
Logus.HMS.KeyLock.Common,2018-02-23T13:18:20.103Z,21,56,Shared interfaces for Logus HMS keylocks integration,Logus.HMS.KeyLock.Common,False,2018-03-30T13:52:33.927+00:00,True,False,,,2204,False,1.4.81
Max-Planck-Institute of Biochemistry,2018-02-23T13:21:50.597Z,1,56,PerseusApi implementation,PerseusLibS,False,2018-04-20T09:10:17.28+00:00,True,False,,,69455,False,1.6.0.1655
何镇汐,2018-02-23T13:18:55.293Z,1,56,"Util.Webs是Util应用框架的Asp.Net Core操作类库。
Util是一个.net core平台下的应用框架，旨在提升小型团队的开发输出能力，由常用公共操作类(工具类)、分层架构基类、Ui组件，第三方组件封装，第三方业务接口封装，配套代码生成模板，权限等组成。",Util.Webs,True,2018-04-20T03:37:05.18+00:00,True,False,,"util,applicationframework,dotnetcore,aspnetcore",4680,False,0.2.0-preview
何镇汐,2018-02-23T13:17:37.273Z,1,56,"Util.Ui.Abstractions是Util应用框架的Ui抽象层类库。
Util是一个.net core平台下的应用框架，旨在提升小型团队的开发输出能力，由常用公共操作类(工具类)、分层架构基类、Ui组件，第三方组件封装，第三方业务接口封装，配套代码生成模板，权限等组成。",Util.Ui.Abstractions,True,2018-04-20T03:36:55.883+00:00,True,False,,"util,applicationframework,dotnetcore,aspnetcore",4368,False,0.2.0-preview
Thom Brink,2018-02-23T13:20:46.233Z,14,56,Package Description,ThomSoft.Microsoft.EntityFrameworkCore.AuditTrail,False,2018-04-06T09:10:08.503+00:00,True,False,,,673,False,1.0.4
Logus.HMS.KeyLock.Common,2018-02-23T13:18:20.103Z,21,56,Shared interfaces for Logus HMS keylocks integration,Logus.HMS.KeyLock.Common,False,2018-03-30T13:52:33.927+00:00,True,False,,,2204,False,1.4.81
何镇汐,2018-02-23T13:17:52.93Z,1,56,"Util.Ui.Angular是Util应用框架的Angular组件类库，集成封装Material,PrimeNG等组件。
Util是一个.net core平台下的应用框架，旨在提升小型团队的开发输出能力，由常用公共操作类(工具类)、分层架构基类、Ui组件，第三方组件封装，第三方业务接口封装，配套代码生成模板，权限等组成。",Util.Ui.Angular,True,2018-04-20T03:37:08.65+00:00,True,False,,"util,applicationframework,dotnetcore,aspnetcore",4730,False,0.2.0-preview
何镇汐,2018-02-23T13:15:40.19Z,1,56,"Util.Biz是Util应用框架的公共业务基础类库。
Util是一个.net core平台下的应用框架，旨在提升小型团队的开发输出能力，由常用公共操作类(工具类)、分层架构基类、Ui组件，第三方组件封装，第三方业务接口封装，配套代码生成模板，权限等组成。",Util.Biz,True,2018-04-20T03:36:28.96+00:00,True,False,,"util,applicationframework,dotnetcore,aspnetcore",4260,False,0.2.0-preview
何镇汐,2018-02-23T13:16:54.287Z,1,56,"Util.Security是Util应用框架的权限类库。
Util是一个.net core平台下的应用框架，旨在提升小型团队的开发输出能力，由常用公共操作类(工具类)、分层架构基类、Ui组件，第三方组件封装，第三方业务接口封装，配套代码生成模板，权限等组成。",Util.Security,True,2018-04-20T03:36:47.337+00:00,True,False,,"util,applicationframework,dotnetcore,aspnetcore",4376,False,0.2.0-preview
何镇汐,2018-02-23T13:15:53.66Z,1,56,"Util.Biz.Payments是Util应用框架的支付操作类库。
Util是一个.net core平台下的应用框架，旨在提升小型团队的开发输出能力，由常用公共操作类(工具类)、分层架构基类、Ui组件，第三方组件封装，第三方业务接口封装，配套代码生成模板，权限等组成。",Util.Biz.Payments,True,2018-04-20T03:36:32.15+00:00,True,False,,"util,applicationframework,dotnetcore,aspnetcore",4181,False,0.2.0-preview
何镇汐,2018-02-23T13:16:08.567Z,1,56,"Util.Datas是Util应用框架的数据访问类库。
Util是一个.net core平台下的应用框架，旨在提升小型团队的开发输出能力，由常用公共操作类(工具类)、分层架构基类、Ui组件，第三方组件封装，第三方业务接口封装，配套代码生成模板，权限等组成。",Util.Datas,True,2018-04-20T03:36:35.617+00:00,True,False,,"util,applicationframework,dotnetcore,aspnetcore",4589,False,0.2.0-preview
KsWare,2018-02-23T13:17:02.63Z,11,56,Excecutes commands on build.,KsWare.MSBuildTargets,False,2018-04-09T18:02:21.32+00:00,True,False,,"msbuild,NuGet,package,visual-studio,KsWare",4004,False,0.1.56
Ken Yourek,2018-02-23T13:16:42.1Z,56,56,Pagination offers easy control over paged results from IQueryable sources.,Pagination,False,2018-02-23T20:18:26.91+00:00,True,False,,,5889,False,2.1.1
何镇汐,2018-02-23T13:15:27.02Z,1,56,"Util.Applications是Util应用框架的应用层基类库。
Util是一个.net core平台下的应用框架，旨在提升小型团队的开发输出能力，由常用公共操作类(工具类)、分层架构基类、Ui组件，第三方组件封装，第三方业务接口封装，配套代码生成模板，权限等组成。",Util.Applications,True,2018-04-20T03:36:26.04+00:00,True,False,,"util,applicationframework,dotnetcore,aspnetcore",4646,False,0.2.0-preview
何镇汐,2018-02-23T13:16:39.66Z,1,56,"Util.Logs是Util应用框架的日志操作类库。
Util是一个.net core平台下的应用框架，旨在提升小型团队的开发输出能力，由常用公共操作类(工具类)、分层架构基类、Ui组件，第三方组件封装，第三方业务接口封装，配套代码生成模板，权限等组成。",Util.Logs,True,2018-04-20T03:36:44.29+00:00,True,False,,"util,applicationframework,dotnetcore,aspnetcore",4541,False,0.2.0-preview
何镇汐,2018-02-23T13:17:08.727Z,1,56,"Util.Tools.QrCode是Util应用框架的二维码操作类库。
Util是一个.net core平台下的应用框架，旨在提升小型团队的开发输出能力，由常用公共操作类(工具类)、分层架构基类、Ui组件，第三方组件封装，第三方业务接口封装，配套代码生成模板，权限等组成。",Util.Tools.QrCode,True,2018-04-20T03:36:49.883+00:00,True,False,,"util,applicationframework,dotnetcore,aspnetcore",4190,False,0.2.0-preview
KsWare,2018-02-23T13:17:02.63Z,11,56,Excecutes commands on build.,KsWare.MSBuildTargets,False,2018-04-09T18:02:21.32+00:00,True,False,,"msbuild,NuGet,package,visual-studio,KsWare",4004,False,0.1.56
何镇汐,2018-02-23T13:17:08.727Z,1,56,"Util.Tools.QrCode是Util应用框架的二维码操作类库。
Util是一个.net core平台下的应用框架，旨在提升小型团队的开发输出能力，由常用公共操作类(工具类)、分层架构基类、Ui组件，第三方组件封装，第三方业务接口封装，配套代码生成模板，权限等组成。",Util.Tools.QrCode,True,2018-04-20T03:36:49.883+00:00,True,False,,"util,applicationframework,dotnetcore,aspnetcore",4190,False,0.2.0-preview
何镇汐,2018-02-23T13:15:40.19Z,1,56,"Util.Biz是Util应用框架的公共业务基础类库。
Util是一个.net core平台下的应用框架，旨在提升小型团队的开发输出能力，由常用公共操作类(工具类)、分层架构基类、Ui组件，第三方组件封装，第三方业务接口封装，配套代码生成模板，权限等组成。",Util.Biz,True,2018-04-20T03:36:28.96+00:00,True,False,,"util,applicationframework,dotnetcore,aspnetcore",4260,False,0.2.0-preview
何镇汐,2018-02-23T13:15:27.02Z,1,56,"Util.Applications是Util应用框架的应用层基类库。
Util是一个.net core平台下的应用框架，旨在提升小型团队的开发输出能力，由常用公共操作类(工具类)、分层架构基类、Ui组件，第三方组件封装，第三方业务接口封装，配套代码生成模板，权限等组成。",Util.Applications,True,2018-04-20T03:36:26.04+00:00,True,False,,"util,applicationframework,dotnetcore,aspnetcore",4646,False,0.2.0-preview
何镇汐,2018-02-23T13:16:08.567Z,1,56,"Util.Datas是Util应用框架的数据访问类库。
Util是一个.net core平台下的应用框架，旨在提升小型团队的开发输出能力，由常用公共操作类(工具类)、分层架构基类、Ui组件，第三方组件封装，第三方业务接口封装，配套代码生成模板，权限等组成。",Util.Datas,True,2018-04-20T03:36:35.617+00:00,True,False,,"util,applicationframework,dotnetcore,aspnetcore",4589,False,0.2.0-preview
何镇汐,2018-02-23T13:16:54.287Z,1,56,"Util.Security是Util应用框架的权限类库。
Util是一个.net core平台下的应用框架，旨在提升小型团队的开发输出能力，由常用公共操作类(工具类)、分层架构基类、Ui组件，第三方组件封装，第三方业务接口封装，配套代码生成模板，权限等组成。",Util.Security,True,2018-04-20T03:36:47.337+00:00,True,False,,"util,applicationframework,dotnetcore,aspnetcore",4376,False,0.2.0-preview
Ken Yourek,2018-02-23T13:16:42.1Z,56,56,Pagination offers easy control over paged results from IQueryable sources.,Pagination,False,2018-02-23T20:18:26.91+00:00,True,False,,,5889,False,2.1.1
何镇汐,2018-02-23T13:16:39.66Z,1,56,"Util.Logs是Util应用框架的日志操作类库。
Util是一个.net core平台下的应用框架，旨在提升小型团队的开发输出能力，由常用公共操作类(工具类)、分层架构基类、Ui组件，第三方组件封装，第三方业务接口封装，配套代码生成模板，权限等组成。",Util.Logs,True,2018-04-20T03:36:44.29+00:00,True,False,,"util,applicationframework,dotnetcore,aspnetcore",4541,False,0.2.0-preview
何镇汐,2018-02-23T13:15:53.66Z,1,56,"Util.Biz.Payments是Util应用框架的支付操作类库。
Util是一个.net core平台下的应用框架，旨在提升小型团队的开发输出能力，由常用公共操作类(工具类)、分层架构基类、Ui组件，第三方组件封装，第三方业务接口封装，配套代码生成模板，权限等组成。",Util.Biz.Payments,True,2018-04-20T03:36:32.15+00:00,True,False,,"util,applicationframework,dotnetcore,aspnetcore",4181,False,0.2.0-preview
Jesús López,2018-02-23T12:49:23.703Z,29,56,"A lightweight, database first, micro ORM",EntityLite,False,2018-03-22T12:39:13.553+00:00,True,False,The EntityLite code generators and core library,"Micro-ORM,ORM,SQL,DAL,Database,SQLServer,SQLite,MySQL,Npgsql,Postgres,PostgreSQL,ORACLE,EntityLite",7833,False,2.5.1
"Nuri Tasdemir,Ali Ersin Demir,Volkan Nazmi Metin",2018-02-23T13:09:00.413Z,56,56,Common utility classes,Triodor.Utils.Common,False,2018-02-23T13:09:00.413+00:00,True,False,,,5017,False,1.8.16
Johan Classon,2018-02-23T13:09:37.443Z,56,56,Adds capability for consuming WCF-services that authenticate through JWT-tokens.,Wcf.Extensions.OpenIdConnect.Client,True,2018-02-23T13:09:37.443+00:00,True,False,,"WCF,OpenIdConnect,OAuth2.0",102,False,1.0.0-beta0002
Johan Classon,2018-02-23T13:09:37.443Z,56,56,Adds capability for consuming WCF-services that authenticate through JWT-tokens.,Wcf.Extensions.OpenIdConnect.Client,True,2018-02-23T13:09:37.443+00:00,True,False,,"WCF,OpenIdConnect,OAuth2.0",102,False,1.0.0-beta0002
"Nuri Tasdemir,Ali Ersin Demir,Volkan Nazmi Metin",2018-02-23T13:09:00.413Z,56,56,Common utility classes,Triodor.Utils.Common,False,2018-02-23T13:09:00.413+00:00,True,False,,,5017,False,1.8.16
Neomode,2018-02-23T12:49:25.5Z,11,56,Canonical data model for Lori,Neomode.Lori.Canonical,False,2018-04-09T19:59:34.777+00:00,True,False,,,2616,False,1.0.6
Awardstage,2018-02-23T13:06:18.86Z,56,56,Awardstage API SDK is used to interact with the Awardstage API,AwardstageSDK,False,2018-02-23T13:06:18.86+00:00,True,False,,,379,False,1.0.5
Jesús López,2018-02-23T12:48:43.06Z,29,56,"A lightweight, database first, micro ORM",EntityLite.Core,False,2018-03-22T12:38:43.1+00:00,True,False,The EntityLite core assembly,"Micro-ORM,ORM,SQL,DAL,Database,SQLServer,SQLite,MySQL,Npgsql,Postgres,PostgreSQL,ORACLE,EntityLite",8713,False,2.5.1
Awardstage,2018-02-23T13:06:18.86Z,56,56,Awardstage API SDK is used to interact with the Awardstage API,AwardstageSDK,False,2018-02-23T13:06:18.86+00:00,True,False,,,379,False,1.0.5
gromanev,2018-02-23T13:01:55.227Z,54,56,Faster Mapper (Transformator) for .NET Core 2 (.NET Standart 2),LynxMapper,False,2018-02-25T19:47:50.317+00:00,True,False,,"mapper,transformator,netstandart20,netcore,net-core,asp,asp-net-core,mapping,model,modelmapper",428,False,1.0.0
gromanev,2018-02-23T13:01:55.227Z,54,56,Faster Mapper (Transformator) for .NET Core 2 (.NET Standart 2),LynxMapper,False,2018-02-25T19:47:50.317+00:00,True,False,,"mapper,transformator,netstandart20,netcore,net-core,asp,asp-net-core,mapping,model,modelmapper",428,False,1.0.0
MACK Mathieu,2018-02-23T12:58:00.343Z,10,56,This package contains the 'Open-XML-SDK' plugin for MvvmCross.,MvvX.Plugins.Open-XML-SDK,False,2018-04-10T10:23:00.537+00:00,True,False,,"mvvm,mvvmcross,xamarin,monodroid,monotouch,wpf,netcore,wp,wpdev",9812,False,2018.10223.11255.153
MACK Mathieu,2018-02-23T12:58:00.343Z,10,56,This package contains the 'Open-XML-SDK' plugin for MvvmCross.,MvvX.Plugins.Open-XML-SDK,False,2018-04-10T10:23:00.537+00:00,True,False,,"mvvm,mvvmcross,xamarin,monodroid,monotouch,wpf,netcore,wp,wpdev",9812,False,2018.10223.11255.153
Alexander Bogarsukov,2018-02-23T12:55:39.84Z,43209,56,Task-like asynchronous operations for Unity3d.,UnityFx.Async,True,1900-01-01T00:00:00+00:00,False,False,,"UnityFx,Async,AsyncOperation,Coroutine,Task,Unity3d",1533,False,0.8.0-beta0005
John Yeboah,2018-02-23T12:55:17.23Z,43209,56,Regno Standard Core Nuget Package. This package is the free base package for Regno Data Standard validation. It contains a single dll that has a single validation call to parse and return a validation result.,RegnoSoftware.Standard.Core,False,1900-01-01T00:00:00+00:00,False,False,,,-1,False,0.1.0
Alexander Bogarsukov,2018-02-23T12:55:39.84Z,43209,56,Task-like asynchronous operations for Unity3d.,UnityFx.Async,True,1900-01-01T00:00:00+00:00,False,False,,"UnityFx,Async,AsyncOperation,Coroutine,Task,Unity3d",1533,False,0.8.0-beta0005
John Yeboah,2018-02-23T12:55:17.23Z,43209,56,Regno Standard Core Nuget Package. This package is the free base package for Regno Data Standard validation. It contains a single dll that has a single validation call to parse and return a validation result.,RegnoSoftware.Standard.Core,False,1900-01-01T00:00:00+00:00,False,False,,,-1,False,0.1.0
SSP,2018-02-23T12:23:11.12Z,231,56,eDocument Web Services API.,eDocument.Core.Services,False,2017-09-01T08:38:23.003+00:00,True,False,,,8962,False,6.3.0
Just Eat,2018-02-23T12:45:21.227Z,40,56,A .NET library for intercepting server-side HTTP dependencies.,JustEat.HttpClientInterception,False,2018-03-11T16:32:11.97+00:00,True,False,,"http,httpclient,interception,testing",3808,True,1.1.0
Just Eat,2018-02-23T12:45:21.227Z,40,56,A .NET library for intercepting server-side HTTP dependencies.,JustEat.HttpClientInterception,False,2018-03-11T16:32:11.97+00:00,True,False,,"http,httpclient,interception,testing",3808,True,1.1.0
SSP,2018-02-23T12:21:51.82Z,35,56,eDocument Consumer API.,eDocument.Consumer,False,2018-03-16T10:48:48.673+00:00,True,False,,,9596,False,6.3.0
SSP,2018-02-23T12:21:32.163Z,35,56,eDocument BrReg integration.,eDocument.BrReg,False,2018-03-16T10:48:26.377+00:00,True,False,,,10536,False,6.3.0
Pragmatic Works,2018-02-23T12:21:39.147Z,25,56,Runtime library for LegiTest,PragmaticWorks.LegiTest.Runtime,False,2018-03-26T16:44:15.697+00:00,True,False,Runtime library for LegiTest,"LegiTest,PragmaticWorks",2608,False,2018.2.1.103
ResizeImage,2018-02-23T12:32:37.013Z,43209,56,Package Description,ResizeImage,False,1900-01-01T00:00:00+00:00,False,False,,,-1,False,1.0.0
ResizeImage,2018-02-23T12:32:37.013Z,43209,56,Package Description,ResizeImage,False,1900-01-01T00:00:00+00:00,False,False,,,-1,False,1.0.0
SSP,2018-02-23T12:25:03.827Z,231,56,Skjemamotor,eDocument.Viewer,False,2017-09-01T08:42:01.45+00:00,True,False,,,8489,False,6.3.0
SSP,2018-02-23T12:25:03.827Z,231,56,Skjemamotor,eDocument.Viewer,False,2017-09-01T08:42:01.45+00:00,True,False,,,8489,False,6.3.0
Forte_ Digital,2018-02-23T12:19:58.33Z,21,56,Description,Forte.Styleguide.EPiServer,False,2018-03-30T20:10:10.173+00:00,True,False,,,660,False,1.0.1483
SSP,2018-02-23T12:22:34.743Z,231,56,eDocument Core API.,eDocument.Core,False,2017-09-01T08:37:30.58+00:00,True,False,,,8753,False,6.3.0
SSP,2018-02-23T12:23:55.34Z,231,56,API that supports creating prefill integrations.,eDocument.Integration,False,2017-09-01T08:39:48.07+00:00,True,False,,,8515,False,6.3.0
SSP,2018-02-23T12:22:55.573Z,231,56,https://wiki.prokom.no/confluence/display/EDOC/Assert,eDocument.Core.Asserts,False,2017-09-01T08:37:59.72+00:00,True,False,,,8038,False,6.3.0
SSP,2018-02-23T12:22:34.743Z,231,56,eDocument Core API.,eDocument.Core,False,2017-09-01T08:37:30.58+00:00,True,False,,,8753,False,6.3.0
SSP,2018-02-23T12:22:55.573Z,231,56,https://wiki.prokom.no/confluence/display/EDOC/Assert,eDocument.Core.Asserts,False,2017-09-01T08:37:59.72+00:00,True,False,,,8038,False,6.3.0
SSP,2018-02-23T12:23:55.34Z,231,56,API that supports creating prefill integrations.,eDocument.Integration,False,2017-09-01T08:39:48.07+00:00,True,False,,,8515,False,6.3.0
Forte_ Digital,2018-02-23T12:19:44.643Z,21,56,Description,Forte.Styleguide,False,2018-03-30T20:09:57.157+00:00,True,False,,,804,False,1.0.1483
Forte_ Digital,2018-02-23T12:19:44.643Z,21,56,Description,Forte.Styleguide,False,2018-03-30T20:09:57.157+00:00,True,False,,,804,False,1.0.1483
Microting A/S,2018-02-23T11:54:43.04Z,1,56,Description,Microting.eForm,False,2018-04-20T09:26:33.77+00:00,True,False,,,11533,False,2.1.109
Andrew Duff & Matthew Malkin,2018-02-23T12:12:07.97Z,15,56,.NET library for abstractions and other things to aid with .net development.,Coresian,False,2018-04-05T11:05:51.783+00:00,True,False,,"corsian,coresian,coreextensions,core,extensions,abstractions",979,False,1.0.14
"Dox.Sweden AB,Jovan Paskota",2018-02-23T12:14:49.897Z,22,56,Resumable Upload for Dox,Dox.Core.ResumableUpload,False,2018-03-29T08:46:56.46+00:00,True,False,,"Dox,Resumable,Upload",2422,False,3.0.6
Andrew Duff & Matthew Malkin,2018-02-23T12:12:07.97Z,15,56,.NET library for abstractions and other things to aid with .net development.,Coresian,False,2018-04-05T11:05:51.783+00:00,True,False,,"corsian,coresian,coreextensions,core,extensions,abstractions",979,False,1.0.14
"Dox.Sweden AB,Jovan Paskota",2018-02-23T12:14:49.897Z,22,56,Resumable Upload for Dox,Dox.Core.ResumableUpload,False,2018-03-29T08:46:56.46+00:00,True,False,,"Dox,Resumable,Upload",2422,False,3.0.6
"Delegate A/S,Martin Kasban Tange,Magnus Gether Sørensen",2018-02-23T12:05:49.987Z,56,56,A simulation engine that can mock a specific MS CRM instance. Useful for testing and debugging business logic.,XrmMockup365,True,2018-02-23T12:05:49.987+00:00,True,False,,"microsoft,crm,xrm,dynamics,mockup,fake,c#,csharp,test,testing,unittest,xrmmockup,365",1596,False,0.7.3-beta
Andrew Duff & Matthew Malkin,2018-02-23T12:08:12.913Z,15,56,.NET library for abstractions and other things to aid with .net development.,Coresian,False,2018-04-05T11:05:51.783+00:00,True,False,,"corsian,coresian,coreextensions,core,extensions,abstractions",979,False,1.0.13
"Delegate A/S,Martin Kasban Tange,Magnus Gether Sørensen",2018-02-23T12:05:49.987Z,56,56,A simulation engine that can mock a specific MS CRM instance. Useful for testing and debugging business logic.,XrmMockup365,True,2018-02-23T12:05:49.987+00:00,True,False,,"microsoft,crm,xrm,dynamics,mockup,fake,c#,csharp,test,testing,unittest,xrmmockup,365",1596,False,0.7.3-beta
Andrew Duff & Matthew Malkin,2018-02-23T12:08:12.913Z,15,56,.NET library for abstractions and other things to aid with .net development.,Coresian,False,2018-04-05T11:05:51.783+00:00,True,False,,"corsian,coresian,coreextensions,core,extensions,abstractions",979,False,1.0.13
"Delegate A/S,Martin Kasban Tange,Magnus Gether Sørensen",2018-02-23T12:05:49.643Z,56,56,A simulation engine that can mock a specific MS CRM instance. Useful for testing and debugging business logic.,XrmMockup2015,True,2018-02-23T12:05:49.643+00:00,True,False,,"microsoft,crm,xrm,dynamics,mockup,fake,c#,csharp,test,testing,unittest,xrmmockup,2015",5269,False,0.7.3-beta
"Delegate A/S,Martin Kasban Tange,Magnus Gether Sørensen",2018-02-23T12:05:46.597Z,56,56,A simulation engine that can mock a specific MS CRM instance. Useful for testing and debugging business logic.,XrmMockup2013,True,2018-02-23T12:05:46.597+00:00,True,False,,"microsoft,crm,xrm,dynamics,mockup,fake,c#,csharp,test,testing,unittest,xrmmockup,2013",5218,False,0.7.3-beta
"Delegate A/S,Martin Kasban Tange,Magnus Gether Sørensen",2018-02-23T12:05:48.237Z,56,56,A simulation engine that can mock a specific MS CRM instance. Useful for testing and debugging business logic.,XrmMockup2011,True,2018-02-23T12:05:48.237+00:00,True,False,,"microsoft,crm,xrm,dynamics,mockup,fake,c#,csharp,test,testing,unittest,xrmmockup,2011",5230,False,0.7.3-beta
"IronPython Contributors,Python Contributors",2018-02-23T12:02:53.853Z,56,56,"The Python Standard Library, for use with IronPython.",IronPython.StdLib,False,2018-02-23T12:02:53.853+00:00,True,False,"The Python Standard Library, for use with IronPython.","ironpython,python,dynamic,dlr,standard,library",152126,False,2.7.8.1
"Delegate A/S,Martin Kasban Tange,Magnus Gether Sørensen",2018-02-23T12:05:47.767Z,56,56,A simulation engine that can mock a specific MS CRM instance. Useful for testing and debugging business logic.,XrmMockup2016,True,2018-02-23T12:05:47.767+00:00,True,False,,"microsoft,crm,xrm,dynamics,mockup,fake,c#,csharp,test,testing,unittest,xrmmockup,2016",5329,False,0.7.3-beta
"Delegate A/S,Martin Kasban Tange,Magnus Gether Sørensen",2018-02-23T12:05:48.237Z,56,56,A simulation engine that can mock a specific MS CRM instance. Useful for testing and debugging business logic.,XrmMockup2011,True,2018-02-23T12:05:48.237+00:00,True,False,,"microsoft,crm,xrm,dynamics,mockup,fake,c#,csharp,test,testing,unittest,xrmmockup,2011",5230,False,0.7.3-beta
"Delegate A/S,Martin Kasban Tange,Magnus Gether Sørensen",2018-02-23T12:05:47.767Z,56,56,A simulation engine that can mock a specific MS CRM instance. Useful for testing and debugging business logic.,XrmMockup2016,True,2018-02-23T12:05:47.767+00:00,True,False,,"microsoft,crm,xrm,dynamics,mockup,fake,c#,csharp,test,testing,unittest,xrmmockup,2016",5329,False,0.7.3-beta
"IronPython Contributors,Python Contributors",2018-02-23T12:02:53.853Z,56,56,"The Python Standard Library, for use with IronPython.",IronPython.StdLib,False,2018-02-23T12:02:53.853+00:00,True,False,"The Python Standard Library, for use with IronPython.","ironpython,python,dynamic,dlr,standard,library",152126,False,2.7.8.1
"Delegate A/S,Martin Kasban Tange,Magnus Gether Sørensen",2018-02-23T12:05:49.643Z,56,56,A simulation engine that can mock a specific MS CRM instance. Useful for testing and debugging business logic.,XrmMockup2015,True,2018-02-23T12:05:49.643+00:00,True,False,,"microsoft,crm,xrm,dynamics,mockup,fake,c#,csharp,test,testing,unittest,xrmmockup,2015",5269,False,0.7.3-beta
"Delegate A/S,Martin Kasban Tange,Magnus Gether Sørensen",2018-02-23T12:05:46.597Z,56,56,A simulation engine that can mock a specific MS CRM instance. Useful for testing and debugging business logic.,XrmMockup2013,True,2018-02-23T12:05:46.597+00:00,True,False,,"microsoft,crm,xrm,dynamics,mockup,fake,c#,csharp,test,testing,unittest,xrmmockup,2013",5218,False,0.7.3-beta
Ian Rathbone,2018-02-23T12:02:50.12Z,56,56,Lightweight wrapper for the VoiceBase V3 API,VoiceBaseV3,False,2018-02-23T14:20:25.073+00:00,True,False,,"voicebase,voicebasev3,voice,base",109,False,1.0.0
Yavuz Tor,2018-02-23T12:01:53.413Z,43,56,A state machine library that makes implementing state transitions more fun.,SmartState,False,2018-03-08T10:13:42.777+00:00,True,False,,"state,fsm,gof,pattern,state-machine",169,False,0.8.1
Andrey Taritsyn,2018-02-23T12:01:50.367Z,12,56,"This library is a .NET wrapper for working with the JavaScript engines of Internet Explorer and Edge (JsRT versions of Chakra, ActiveScript version of Chakra and Classic JavaScript Engine). Project was based on the code of SassAndCoffee.JavaScript (http://github.com/paulcbetts/SassAndCoffee), Chakra Sample Hosts (http://github.com/panopticoncentral/chakra-host) and jsrt-dotnet (http://github.com/robpaveza/jsrt-dotnet).",MsieJavaScriptEngine,False,2018-04-08T17:34:34.523+00:00,True,False,"This library is a .NET wrapper for working with the JavaScript engines of Internet Explorer and Edge (JsRT versions of Chakra, ActiveScript version of Chakra and Classic JavaScript Engine).","JavaScript,ECMAScript,MSIE,IE,Edge,Chakra",799926,False,2.2.6
Andrew Duff & Matthew Malkin,2018-02-23T12:00:20.63Z,15,56,.NET library for abstractions and other things to aid with .net development.,Coresian,False,2018-04-05T11:05:51.783+00:00,True,False,,"corsian,coresian,coreextensions,core,extensions,abstractions",979,False,1.0.11
Andrew Duff & Matthew Malkin,2018-02-23T12:01:57.4Z,15,56,.NET library for abstractions and other things to aid with .net development.,Coresian,False,2018-04-05T11:05:51.783+00:00,True,False,,"corsian,coresian,coreextensions,core,extensions,abstractions",979,False,1.0.12
Andrey Taritsyn,2018-02-23T12:01:50.367Z,12,56,"This library is a .NET wrapper for working with the JavaScript engines of Internet Explorer and Edge (JsRT versions of Chakra, ActiveScript version of Chakra and Classic JavaScript Engine). Project was based on the code of SassAndCoffee.JavaScript (http://github.com/paulcbetts/SassAndCoffee), Chakra Sample Hosts (http://github.com/panopticoncentral/chakra-host) and jsrt-dotnet (http://github.com/robpaveza/jsrt-dotnet).",MsieJavaScriptEngine,False,2018-04-08T17:34:34.523+00:00,True,False,"This library is a .NET wrapper for working with the JavaScript engines of Internet Explorer and Edge (JsRT versions of Chakra, ActiveScript version of Chakra and Classic JavaScript Engine).","JavaScript,ECMAScript,MSIE,IE,Edge,Chakra",799926,False,2.2.6
Ian Rathbone,2018-02-23T12:02:50.12Z,56,56,Lightweight wrapper for the VoiceBase V3 API,VoiceBaseV3,False,2018-02-23T14:20:25.073+00:00,True,False,,"voicebase,voicebasev3,voice,base",109,False,1.0.0
Yavuz Tor,2018-02-23T12:01:53.413Z,43,56,A state machine library that makes implementing state transitions more fun.,SmartState,False,2018-03-08T10:13:42.777+00:00,True,False,,"state,fsm,gof,pattern,state-machine",169,False,0.8.1
Andrew Duff & Matthew Malkin,2018-02-23T12:01:57.4Z,15,56,.NET library for abstractions and other things to aid with .net development.,Coresian,False,2018-04-05T11:05:51.783+00:00,True,False,,"corsian,coresian,coreextensions,core,extensions,abstractions",979,False,1.0.12
Andrew Duff & Matthew Malkin,2018-02-23T12:00:20.63Z,15,56,.NET library for abstractions and other things to aid with .net development.,Coresian,False,2018-04-05T11:05:51.783+00:00,True,False,,"corsian,coresian,coreextensions,core,extensions,abstractions",979,False,1.0.11
"NAXAM CO.,LTD",2018-02-23T11:58:20Z,56,56,Xamarin.Android Binding Library - Braintree for Android - DropIn,Naxam.BraintreeDropIn.Droid,False,2018-02-23T11:58:20+00:00,True,False,Xamarin.Android Binding Library - Braintree for Android - DropIn,"Xamarin.Android,braintree,braintreepayments,dropin,drop-in",2043,False,3.2.1
Jan Caspar,2018-02-23T11:58:19.953Z,56,56,"C# Console Utility Microlibrary
Boost your C# Console Applications with a few simple extensions and components.
For more information check out the project site!",sbkst.konzolR,False,2018-02-23T11:58:19.953+00:00,True,False,,"C#,Console,Arguments,ConsoleArguments,ConsoleArgumenterBinder,ArgumentBinder,TitleScreen,Loadingbar,WaitingBar,ConsoleDialogs,Dialogs,ConsoleExtensions",60,False,0.1.0
Skillo AB,2018-02-23T11:57:11.763Z,56,56,Adds the Skillo Help tool to the site.,SkilloHelpModule,False,2018-02-23T07:36:19.433+00:00,True,False,,"EPiServerModulePackage,ThirdPartyAddOn,Help,Skillo",1425,False,3.1.0
Jan Caspar,2018-02-23T11:58:19.953Z,56,56,"C# Console Utility Microlibrary
Boost your C# Console Applications with a few simple extensions and components.
For more information check out the project site!",sbkst.konzolR,False,2018-02-23T11:58:19.953+00:00,True,False,,"C#,Console,Arguments,ConsoleArguments,ConsoleArgumenterBinder,ArgumentBinder,TitleScreen,Loadingbar,WaitingBar,ConsoleDialogs,Dialogs,ConsoleExtensions",60,False,0.1.0
"NAXAM CO.,LTD",2018-02-23T11:58:20Z,56,56,Xamarin.Android Binding Library - Braintree for Android - DropIn,Naxam.BraintreeDropIn.Droid,False,2018-02-23T11:58:20+00:00,True,False,Xamarin.Android Binding Library - Braintree for Android - DropIn,"Xamarin.Android,braintree,braintreepayments,dropin,drop-in",2043,False,3.2.1
Skillo AB,2018-02-23T11:57:11.763Z,56,56,Adds the Skillo Help tool to the site.,SkilloHelpModule,False,2018-02-23T07:36:19.433+00:00,True,False,,"EPiServerModulePackage,ThirdPartyAddOn,Help,Skillo",1425,False,3.1.0
SSP,2018-02-23T11:56:10.903Z,231,56,Skjemamotor,eDocument.Viewer,True,2017-09-01T08:42:01.45+00:00,True,False,,,8489,False,6.3.0-alpha06
SSP,2018-02-23T11:55:02.4Z,231,56,API that supports creating prefill integrations.,eDocument.Integration,True,2017-09-01T08:39:48.07+00:00,True,False,,,8515,False,6.3.0-alpha06
Lewis Kirkaldie,2018-02-23T11:56:41.483Z,53,56,"Analysis engine for parsing data from Cinegy TsDecoder, in C# targetting NET Framework 4.6.1 and NET Core 2.0",Cinegy.TsAnalysis,True,2018-02-26T12:58:15.98+00:00,True,False,,"Transport,Stream,Analysis,MPEGTS",1526,False,0.0.20-beta
SSP,2018-02-23T11:54:18.57Z,231,56,eDocument Web Services API.,eDocument.Core.Services,True,2017-09-01T08:38:23.003+00:00,True,False,,,8962,False,6.3.0-alpha06
SSP,2018-02-23T11:54:18.57Z,231,56,eDocument Web Services API.,eDocument.Core.Services,True,2017-09-01T08:38:23.003+00:00,True,False,,,8962,False,6.3.0-alpha06
Lewis Kirkaldie,2018-02-23T11:56:41.483Z,53,56,"Analysis engine for parsing data from Cinegy TsDecoder, in C# targetting NET Framework 4.6.1 and NET Core 2.0",Cinegy.TsAnalysis,True,2018-02-26T12:58:15.98+00:00,True,False,,"Transport,Stream,Analysis,MPEGTS",1526,False,0.0.20-beta
SSP,2018-02-23T11:56:10.903Z,231,56,Skjemamotor,eDocument.Viewer,True,2017-09-01T08:42:01.45+00:00,True,False,,,8489,False,6.3.0-alpha06
SSP,2018-02-23T11:55:02.4Z,231,56,API that supports creating prefill integrations.,eDocument.Integration,True,2017-09-01T08:39:48.07+00:00,True,False,,,8515,False,6.3.0-alpha06
SSP,2018-02-23T11:52:35.74Z,35,56,eDocument BrReg integration.,eDocument.BrReg,True,2018-03-16T10:48:26.377+00:00,True,False,,,10536,False,6.3.0-alpha06
SSP,2018-02-23T11:53:40.68Z,231,56,eDocument Core API.,eDocument.Core,True,2017-09-01T08:37:30.58+00:00,True,False,,,8753,False,6.3.0-alpha06
Yavuz Tor,2018-02-23T11:52:48.537Z,43,56,A state machine library that makes implementing state transitions more fun.,SmartState,False,2018-03-08T10:13:42.777+00:00,True,False,,"state,fsm,gof,pattern,state-machine",169,False,0.8.0
Andrew Duff & Matthew Malkin,2018-02-23T11:52:04.88Z,15,56,.NET library for abstractions and other things to aid with .net development.,Coresian,False,2018-04-05T11:05:51.783+00:00,True,False,,"corsian,coresian,coreextensions,core,extensions,abstractions",979,False,1.0.10
SSP,2018-02-23T11:54:00.417Z,231,56,https://wiki.prokom.no/confluence/display/EDOC/Assert,eDocument.Core.Asserts,True,2017-09-01T08:37:59.72+00:00,True,False,,,8038,False,6.3.0-alpha06
Sameera Perera,2018-02-23T11:53:04.85Z,1,56,Celigo ServiceManager for NetSuite SuiteTalk WebServices.,Celigo.ServiceManager.NetSuite,False,2018-04-20T07:13:06.057+00:00,True,False,Celigo ServiceManager is a wrapper around SuiteTalk Web Services.,"NetSuite,Celigo,SuiteTalk,ServiceManager",431,False,1.0.0
pcol,2018-02-23T11:52:20.147Z,38,56,A contract based REST client and server library.,ContractHttp,True,2018-03-13T07:27:07.227+00:00,True,False,,"rest,http,dynamic,controller",683,False,1.0.0-alpha2
SSP,2018-02-23T11:52:55.99Z,35,56,eDocument Consumer API.,eDocument.Consumer,True,2018-03-16T10:48:48.673+00:00,True,False,,,9596,False,6.3.0-alpha06
SSP,2018-02-23T11:54:00.417Z,231,56,https://wiki.prokom.no/confluence/display/EDOC/Assert,eDocument.Core.Asserts,True,2017-09-01T08:37:59.72+00:00,True,False,,,8038,False,6.3.0-alpha06
pcol,2018-02-23T11:52:20.147Z,38,56,A contract based REST client and server library.,ContractHttp,True,2018-03-13T07:27:07.227+00:00,True,False,,"rest,http,dynamic,controller",683,False,1.0.0-alpha2
SSP,2018-02-23T11:52:55.99Z,35,56,eDocument Consumer API.,eDocument.Consumer,True,2018-03-16T10:48:48.673+00:00,True,False,,,9596,False,6.3.0-alpha06
SSP,2018-02-23T11:53:40.68Z,231,56,eDocument Core API.,eDocument.Core,True,2017-09-01T08:37:30.58+00:00,True,False,,,8753,False,6.3.0-alpha06
Yavuz Tor,2018-02-23T11:52:48.537Z,43,56,A state machine library that makes implementing state transitions more fun.,SmartState,False,2018-03-08T10:13:42.777+00:00,True,False,,"state,fsm,gof,pattern,state-machine",169,False,0.8.0
SSP,2018-02-23T11:52:35.74Z,35,56,eDocument BrReg integration.,eDocument.BrReg,True,2018-03-16T10:48:26.377+00:00,True,False,,,10536,False,6.3.0-alpha06
Sameera Perera,2018-02-23T11:53:04.85Z,1,56,Celigo ServiceManager for NetSuite SuiteTalk WebServices.,Celigo.ServiceManager.NetSuite,False,2018-04-20T07:13:06.057+00:00,True,False,Celigo ServiceManager is a wrapper around SuiteTalk Web Services.,"NetSuite,Celigo,SuiteTalk,ServiceManager",431,False,1.0.0
Andrew Duff & Matthew Malkin,2018-02-23T11:52:04.88Z,15,56,.NET library for abstractions and other things to aid with .net development.,Coresian,False,2018-04-05T11:05:51.783+00:00,True,False,,"corsian,coresian,coreextensions,core,extensions,abstractions",979,False,1.0.10
Emmanuel Mathot,2018-02-23T11:48:41.03Z,3,56,Terradue .Net C# library implementing an OpenSearch gateway towards Sentinel Scientific Hub API,Terradue.OpenSearch.SciHub,True,2018-04-17T12:51:41.02+00:00,True,False,,,2082,False,1.4.8-ftdataauthor10120180223T114826
Emmanuel Mathot,2018-02-23T11:48:41.03Z,3,56,Terradue .Net C# library implementing an OpenSearch gateway towards Sentinel Scientific Hub API,Terradue.OpenSearch.SciHub,True,2018-04-17T12:51:41.02+00:00,True,False,,,2082,False,1.4.8-ftdataauthor10120180223T114826
"Gabriele Coquillard,Wannes Ghielens",2018-02-23T11:45:20.787Z,56,56,"A library containing over 2000 material vector icons that can be easily used as Drawable, a standalone View or inside menu resource files.",Xamarin.Material.Icon.Lib,False,2018-02-23T11:45:20.787+00:00,True,False,,"xamarin
android
xamarin-android
xamarin-android-binding
materialdesign
material,design,icons
xamarin-library
android-library
xamarin-binding",76,False,1.1.4
"Gabriele Coquillard,Wannes Ghielens",2018-02-23T11:45:20.787Z,56,56,"A library containing over 2000 material vector icons that can be easily used as Drawable, a standalone View or inside menu resource files.",Xamarin.Material.Icon.Lib,False,2018-02-23T11:45:20.787+00:00,True,False,,"xamarin
android
xamarin-android
xamarin-android-binding
materialdesign
material,design,icons
xamarin-library
android-library
xamarin-binding",76,False,1.1.4
"Alexey Sadomov,Vladimir Timashkov,Stef Heyenrath",2018-02-23T11:43:11.05Z,56,56,"Camlex.NET for client object model. Camlex.NET simplifies creating of CAML queries for SharePoint (2007, 2010, 2013, 2016, Online) by using C# and lambda expressions",Camlex.Client.dll,False,2018-02-23T11:43:11.05+00:00,True,False,,"CAML,lambda,expressions,csharp,client,object,model,CSOM",13199,False,2.3.0
"Alexey Sadomov,Vladimir Timashkov",2018-02-23T11:38:55.54Z,56,56,"Camlex.NET simplifies creating of CAML queries for SharePoint (2007, 2010, 2013, 2016, Online) by using C# and lambda expressions",Camlex.NET.dll,False,2018-02-23T11:38:55.54+00:00,True,False,,"CAML,lambda,expressions,csharp",11772,False,4.3.0
"Alexey Sadomov,Vladimir Timashkov,Stef Heyenrath",2018-02-23T11:43:11.05Z,56,56,"Camlex.NET for client object model. Camlex.NET simplifies creating of CAML queries for SharePoint (2007, 2010, 2013, 2016, Online) by using C# and lambda expressions",Camlex.Client.dll,False,2018-02-23T11:43:11.05+00:00,True,False,,"CAML,lambda,expressions,csharp,client,object,model,CSOM",13199,False,2.3.0
"Alexey Sadomov,Vladimir Timashkov",2018-02-23T11:38:55.54Z,56,56,"Camlex.NET simplifies creating of CAML queries for SharePoint (2007, 2010, 2013, 2016, Online) by using C# and lambda expressions",Camlex.NET.dll,False,2018-02-23T11:38:55.54+00:00,True,False,,"CAML,lambda,expressions,csharp",11772,False,4.3.0
Andreas Niedermair (@dittodhole),2018-02-23T11:35:06.06Z,52,56,"Calculate, store, and verify checksums on various occasions.",Contrib.System.CheckSum,False,2018-02-27T09:26:31.523+00:00,True,False,,,432,False,0.5.0
Andreas Niedermair (@dittodhole),2018-02-23T11:35:21.983Z,52,56,C# source implementation of Contrib.System.CheckSum,Source.Contrib.System.CheckSum,False,2018-02-27T09:26:46.803+00:00,True,False,,,370,False,0.5.0
Andreas Niedermair (@dittodhole),2018-02-23T11:35:21.983Z,52,56,C# source implementation of Contrib.System.CheckSum,Source.Contrib.System.CheckSum,False,2018-02-27T09:26:46.803+00:00,True,False,,,370,False,0.5.0
Andreas Niedermair (@dittodhole),2018-02-23T11:35:06.06Z,52,56,"Calculate, store, and verify checksums on various occasions.",Contrib.System.CheckSum,False,2018-02-27T09:26:31.523+00:00,True,False,,,432,False,0.5.0
ben_a_adams,2018-02-23T11:31:23.77Z,56,56,High performance understanding for stack traces (Make error logs more productive),Ben.Demystifier,False,2018-02-23T11:31:23.77+00:00,True,False,,,60104,False,0.1.1
Andreas Niedermair (@dittodhole),2018-02-23T11:13:08.98Z,52,56,"Calculate, store, and verify checksums on various occasions.",Contrib.System.CheckSum,False,2018-02-27T09:26:31.523+00:00,False,False,,,432,False,0.4.0
"Dox.Sweden AB,Jovan Paskota",2018-02-23T11:32:26.117Z,22,56,Resumable Upload for Dox,Dox.Core.ResumableUpload,False,2018-03-29T08:46:56.46+00:00,True,False,,"Dox,Resumable,Upload",2422,False,3.0.5
"Dox.Sweden AB,Jovan Paskota",2018-02-23T11:32:26.117Z,22,56,Resumable Upload for Dox,Dox.Core.ResumableUpload,False,2018-03-29T08:46:56.46+00:00,True,False,,"Dox,Resumable,Upload",2422,False,3.0.5
ben_a_adams,2018-02-23T11:31:23.77Z,56,56,High performance understanding for stack traces (Make error logs more productive),Ben.Demystifier,False,2018-02-23T11:31:23.77+00:00,True,False,,,60104,False,0.1.1
Robin Herbots,2018-02-23T11:28:55.08Z,2,56,.NET Implementation of the CloudDataObject (CDO) used by Progress OpenEdge.,NCDO,False,2018-04-18T12:54:57.89+00:00,True,False,,"CDO,CloudDataObject,openedge,.NET",3179,False,1.0.50
Robin Herbots,2018-02-23T11:28:55.08Z,2,56,.NET Implementation of the CloudDataObject (CDO) used by Progress OpenEdge.,NCDO,False,2018-04-18T12:54:57.89+00:00,True,False,,"CDO,CloudDataObject,openedge,.NET",3179,False,1.0.50
Stardust,2018-02-23T11:28:29.67Z,16,56,A simple authentication filter for WebApi that supports azure ad b2c,Stardust.Aadb2c.AuthenticationFilter,True,2018-04-04T10:50:50.153+00:00,True,False,"Add the line
 config.Filters.Add(new OAuthAuthenticationFilter());
 to WebApiConfig.Register","OAuth2,Azure,AAD,B2C,WebApi",2542,False,2.0.0-pre0002
"Daniel Luberda,Molinet Fabien,Cosmin Gordea",2018-02-23T11:27:13.213Z,56,56,Xamarin iOS/Mac bindings to decode WebP file format.,WebP.Touch,False,2018-02-23T11:27:13.213+00:00,True,False,Xamarin iOS/Mac bindings to decode WebP file format.,"xamarin,ios,mac,webp,image,google",404198,False,1.0.8
Stardust,2018-02-23T11:28:29.67Z,16,56,A simple authentication filter for WebApi that supports azure ad b2c,Stardust.Aadb2c.AuthenticationFilter,True,2018-04-04T10:50:50.153+00:00,True,False,"Add the line
 config.Filters.Add(new OAuthAuthenticationFilter());
 to WebApiConfig.Register","OAuth2,Azure,AAD,B2C,WebApi",2542,False,2.0.0-pre0002
"Daniel Luberda,Molinet Fabien,Cosmin Gordea",2018-02-23T11:27:13.213Z,56,56,Xamarin iOS/Mac bindings to decode WebP file format.,WebP.Touch,False,2018-02-23T11:27:13.213+00:00,True,False,Xamarin iOS/Mac bindings to decode WebP file format.,"xamarin,ios,mac,webp,image,google",404198,False,1.0.8
shaha,2018-02-23T11:15:46.11Z,56,56,Utility to manage ODBC Data Sources,BeaufortODBCManager,False,2018-02-23T11:15:46.11+00:00,True,False,,,819,False,1.0.5
shaha,2018-02-23T11:15:46.11Z,56,56,Utility to manage ODBC Data Sources,BeaufortODBCManager,False,2018-02-23T11:15:46.11+00:00,True,False,,,819,False,1.0.5
Andreas Niedermair (@dittodhole),2018-02-23T11:13:23.463Z,52,56,C# source implementation of Contrib.System.CheckSum,Source.Contrib.System.CheckSum,False,2018-02-27T09:26:46.803+00:00,True,False,,,370,False,0.4.0
Andreas Niedermair (@dittodhole),2018-02-23T11:13:08.98Z,52,56,"Calculate, store, and verify checksums on various occasions.",Contrib.System.CheckSum,False,2018-02-27T09:26:31.523+00:00,True,False,,,432,False,0.4.0
Andreas Niedermair (@dittodhole),2018-02-23T11:13:23.463Z,52,56,C# source implementation of Contrib.System.CheckSum,Source.Contrib.System.CheckSum,False,2018-02-27T09:26:46.803+00:00,True,False,,,370,False,0.4.0
Andreas Niedermair (@dittodhole),2018-02-23T11:13:08.98Z,52,56,"Calculate, store, and verify checksums on various occasions.",Contrib.System.CheckSum,False,2018-02-27T09:26:31.523+00:00,True,False,,,432,False,0.4.0
Nick Polyak,2018-02-23T11:10:11.63Z,35,56,Roslyn based IoC Container and Proxy Generator,NP.Roxy,False,2018-03-16T18:36:47.853+00:00,True,False,Roslyn based IoC Container and Proxy Generator,"IoC,CodeGeneration,Roslyn,Proxy,Adapters",514,False,0.9.3
Andrew Koltyakov,2018-02-23T11:09:25.457Z,24,56,SharePoint .Net auth with Node.js,SPAuthN,False,2018-03-27T08:49:50.24+00:00,True,False,"On the first place, it is a crazy experiment which solves one of the our very specific task for a frontier technology stack with SharePoint/Node.js/.Net where we need running the same exactly auth mechanisms which we use in Node.js but in .Net applications. We know exactly what we're doing and why. Please use the lib only in case when native .Net Credentials strategies do not suite your app.","sharepoint,auth,dotnet,nodejs,node-sp-auth,crazystuff",1322,False,2.0.1
Nick Polyak,2018-02-23T11:09:11.24Z,35,56,Generic code helpers,NP.Utilities,False,2018-03-16T18:37:27.653+00:00,True,False,,,167,False,1.0.1
Andreas Niedermair (@dittodhole),2018-02-05T13:09:09.857Z,52,74,"Calculate, store, and verify checksums on various occasions.",Contrib.System.CheckSum,False,2018-02-27T09:26:31.523+00:00,False,False,,,432,False,0.3.0
Nick Polyak,2018-02-23T11:10:11.63Z,35,56,Roslyn based IoC Container and Proxy Generator,NP.Roxy,False,2018-03-16T18:36:47.853+00:00,True,False,Roslyn based IoC Container and Proxy Generator,"IoC,CodeGeneration,Roslyn,Proxy,Adapters",514,False,0.9.3
Nick Polyak,2018-02-23T11:09:11.24Z,35,56,Generic code helpers,NP.Utilities,False,2018-03-16T18:37:27.653+00:00,True,False,,,167,False,1.0.1
Andrew Koltyakov,2018-02-23T11:09:25.457Z,24,56,SharePoint .Net auth with Node.js,SPAuthN,False,2018-03-27T08:49:50.24+00:00,True,False,"On the first place, it is a crazy experiment which solves one of the our very specific task for a frontier technology stack with SharePoint/Node.js/.Net where we need running the same exactly auth mechanisms which we use in Node.js but in .Net applications. We know exactly what we're doing and why. Please use the lib only in case when native .Net Credentials strategies do not suite your app.","sharepoint,auth,dotnet,nodejs,node-sp-auth,crazystuff",1322,False,2.0.1
Anuitex,2018-02-23T11:06:51.593Z,1,56,foreign keys rollback,AnuitexPortal.Base,False,2018-04-19T12:10:21.03+00:00,True,False,,AnuitexPortal.Base,18381,False,1.3.47
Anuitex,2018-02-23T11:06:51.593Z,1,56,foreign keys rollback,AnuitexPortal.Base,False,2018-04-19T12:10:21.03+00:00,True,False,,AnuitexPortal.Base,18381,False,1.3.47
Harsha,2018-02-23T11:01:47.067Z,56,56,Package Description,LegaOne.GetVaultSecrets,False,2018-02-23T11:01:47.067+00:00,True,False,,,287,False,1.0.2.1
Harsha,2018-02-23T11:01:47.067Z,56,56,Package Description,LegaOne.GetVaultSecrets,False,2018-02-23T11:01:47.067+00:00,True,False,,,287,False,1.0.2.1
JeremyTCD,2018-02-23T11:00:32.283Z,6,56,A DocFx markdown rendering plugin. MimoMarkdown renders markdown specific to the Mimo documentation/blog theme.,JeremyTCD.DocFx.Plugins.MimoMarkdown,False,2018-04-14T14:31:10.07+00:00,True,False,,"DocFx,Plugin,Markdown,Mimo",297,False,0.3.0
Emmanuel Mathot,2018-02-23T10:58:06.03Z,3,56,Terradue .Net C# library implementing an OpenSearch gateway towards Sentinel Scientific Hub API,Terradue.OpenSearch.SciHub,True,2018-04-17T12:51:41.02+00:00,True,False,,,2082,False,1.4.8-ftdataauthor10120180223T105752
JeremyTCD,2018-02-23T11:00:32.283Z,6,56,A DocFx markdown rendering plugin. MimoMarkdown renders markdown specific to the Mimo documentation/blog theme.,JeremyTCD.DocFx.Plugins.MimoMarkdown,False,2018-04-14T14:31:10.07+00:00,True,False,,"DocFx,Plugin,Markdown,Mimo",297,False,0.3.0
Emmanuel Mathot,2018-02-23T10:58:06.03Z,3,56,Terradue .Net C# library implementing an OpenSearch gateway towards Sentinel Scientific Hub API,Terradue.OpenSearch.SciHub,True,2018-04-17T12:51:41.02+00:00,True,False,,,2082,False,1.4.8-ftdataauthor10120180223T105752
Simon Cropp,2018-02-23T10:54:23.333Z,32,56,Package Description,Alt.SharePoint2016.CSOM.Min.Mocks,False,2018-03-19T11:08:50.74+00:00,True,False,,SharePoint,248,False,1.0.6
Robin Herbots,2018-02-23T10:57:05.903Z,2,56,.NET Implementation of the CloudDataObject (CDO) used by Progress OpenEdge.,NCDO,False,2018-04-18T12:54:57.89+00:00,True,False,,"CDO,CloudDataObject,openedge,.NET",3179,False,1.0.49
vtortola,2018-02-23T10:56:27.183Z,21,56,"Simple LogEntries NLog target that works on Linux. Uses SSL, multiplexes multiple targets (even with different tokens) into the same connection, is asynchronous and the token can be set in an environment variable as well.",NLog.Contrib.Targets.LogEntries,True,2018-03-30T17:10:25.01+00:00,True,False,,"NLog,LogEntries,Docker,Linux",1708,False,1.0.0-pre-08
Simon Cropp,2018-02-23T10:54:58.43Z,32,56,Package Description,Alt.SharePointOnline.CSOM.Min,False,2018-03-19T11:09:26.197+00:00,True,False,,SharePoint,460,False,1.0.6
Simon Cropp,2018-02-23T10:55:10.07Z,32,56,Package Description,Alt.SharePointOnline.CSOM.Min.Mocks,False,2018-03-19T11:09:37.65+00:00,True,False,,SharePoint,292,False,1.0.6
Simon Cropp,2018-02-23T10:55:23.15Z,32,56,Package Description,Alt.SharePointOnline.CSOM.Mocks,False,2018-03-19T11:09:49.087+00:00,True,False,,SharePoint,294,False,1.0.6
Simon Cropp,2018-02-23T10:55:23.15Z,32,56,Package Description,Alt.SharePointOnline.CSOM.Mocks,False,2018-03-19T11:09:49.087+00:00,True,False,,SharePoint,294,False,1.0.6
Robin Herbots,2018-02-23T10:57:05.903Z,2,56,.NET Implementation of the CloudDataObject (CDO) used by Progress OpenEdge.,NCDO,False,2018-04-18T12:54:57.89+00:00,True,False,,"CDO,CloudDataObject,openedge,.NET",3179,False,1.0.49
Simon Cropp,2018-02-23T10:55:10.07Z,32,56,Package Description,Alt.SharePointOnline.CSOM.Min.Mocks,False,2018-03-19T11:09:37.65+00:00,True,False,,SharePoint,292,False,1.0.6
Simon Cropp,2018-02-23T10:54:58.43Z,32,56,Package Description,Alt.SharePointOnline.CSOM.Min,False,2018-03-19T11:09:26.197+00:00,True,False,,SharePoint,460,False,1.0.6
Simon Cropp,2018-02-23T10:54:34.71Z,32,56,Package Description,Alt.SharePoint2016.CSOM.Mocks,False,2018-03-19T11:09:02.523+00:00,True,False,,SharePoint,277,False,1.0.6
Stardust,2018-02-23T10:54:35.29Z,56,56,Helper extensions to configure Swashbuckle Swagger and Swagger UI to use OAuth implicit grant with Azure AD b2c,Stardust.Aadb2c.Swagger,True,2018-02-23T10:54:35.29+00:00,True,False,,"Swagger,OAuth2,Azure,AAD,B2C,WebApi",1017,False,2.0.0-pre0001
Simon Cropp,2018-02-23T10:54:11.6Z,32,56,Package Description,Alt.SharePoint2016.CSOM.Min,False,2018-03-19T11:08:40.13+00:00,True,False,,SharePoint,433,False,1.0.6
Davyd McColl,2018-02-23T10:54:16.88Z,8,56,Unit-test Framework-agnostic Expect-style assertions for .NET,NExpect,False,2018-04-12T12:14:09.583+00:00,True,False,"Provides Expect() syntax for doing assertions in .NET. Framework-agnostic, but will throw






















    NUnit AssertionExceptions for failures if available at runtime, otherwise UnmetExpectationExceptions.






















    NExpect has grammar inspired by Chai and extensibility inspired by Jasmine.",,7079,False,1.0.101
Simon Cropp,2018-02-23T10:53:09.083Z,32,56,Package Description,Alt.SharePoint2013.CSOM,False,2018-03-19T11:07:41.52+00:00,True,False,,SharePoint,425,False,1.0.6
Logiwa,2018-02-23T10:53:32.66Z,9,56,"The Logiwa.Common deployment package, built on 23.02.2018 13:53:17",Logiwa.Common,False,2018-04-11T12:19:41.283+00:00,True,False,,Common,19201,False,2018.2.23.4
Simon Cropp,2018-02-23T10:53:33.71Z,32,56,Package Description,Alt.SharePoint2013.CSOM.Min.Mocks,False,2018-03-19T11:08:04.3+00:00,True,False,,SharePoint,287,False,1.0.6
Simon Cropp,2018-02-23T10:54:46.587Z,32,56,Package Description,Alt.SharePointOnline.CSOM,False,2018-03-19T11:09:14.443+00:00,True,False,,SharePoint,452,False,1.0.6
Simon Cropp,2018-02-23T10:53:45.21Z,32,56,Package Description,Alt.SharePoint2013.CSOM.Mocks,False,2018-03-19T11:08:14.973+00:00,True,False,,SharePoint,260,False,1.0.6
Simon Cropp,2018-02-23T10:53:57.96Z,32,56,Package Description,Alt.SharePoint2016.CSOM,False,2018-03-19T11:08:26.943+00:00,True,False,,SharePoint,429,False,1.0.6
Simon Cropp,2018-02-23T10:53:21.397Z,32,56,Package Description,Alt.SharePoint2013.CSOM.Min,False,2018-03-19T11:07:52.55+00:00,True,False,,SharePoint,469,False,1.0.6
Simon Cropp,2018-02-23T10:54:46.587Z,32,56,Package Description,Alt.SharePointOnline.CSOM,False,2018-03-19T11:09:14.443+00:00,True,False,,SharePoint,452,False,1.0.6
Simon Cropp,2018-02-23T10:53:45.21Z,32,56,Package Description,Alt.SharePoint2013.CSOM.Mocks,False,2018-03-19T11:08:14.973+00:00,True,False,,SharePoint,260,False,1.0.6
Simon Cropp,2018-02-23T10:53:33.71Z,32,56,Package Description,Alt.SharePoint2013.CSOM.Min.Mocks,False,2018-03-19T11:08:04.3+00:00,True,False,,SharePoint,287,False,1.0.6
Simon Cropp,2018-02-23T10:53:21.397Z,32,56,Package Description,Alt.SharePoint2013.CSOM.Min,False,2018-03-19T11:07:52.55+00:00,True,False,,SharePoint,469,False,1.0.6
Logiwa,2018-02-23T10:53:32.66Z,9,56,"The Logiwa.Common deployment package, built on 23.02.2018 13:53:17",Logiwa.Common,False,2018-04-11T12:19:41.283+00:00,True,False,,Common,19201,False,2018.2.23.4
Harsha,2018-02-22T15:11:20.393Z,56,57,Package Description,LegaOne.GetVaultSecrets,False,2018-02-23T11:01:47.067+00:00,False,False,,,287,False,1.0.0
Harsha,2018-02-23T08:22:51.763Z,56,56,Package Description,LegaOne.GetVaultSecrets,False,2018-02-23T11:01:47.067+00:00,False,False,,,287,False,1.0.1
Harsha,2018-02-23T09:34:27.15Z,56,56,Package Description,LegaOne.GetVaultSecrets,False,2018-02-23T11:01:47.067+00:00,False,False,,,287,False,1.0.2
"Dox.Sweden AB,Jovan Paskota",2018-02-23T10:48:46.84Z,22,56,Resumable Upload for Dox,Dox.Core.ResumableUpload,False,2018-03-29T08:46:56.46+00:00,True,False,,"Dox,Resumable,Upload",2422,False,3.0.4
"Dox.Sweden AB,Jovan Paskota",2018-02-23T10:48:46.84Z,22,56,Resumable Upload for Dox,Dox.Core.ResumableUpload,False,2018-03-29T08:46:56.46+00:00,True,False,,"Dox,Resumable,Upload",2422,False,3.0.4
Logiwa,2018-02-23T10:46:30.29Z,9,56,"The Logiwa.Common deployment package, built on 23.02.2018 13:46:12",Logiwa.Common,False,2018-04-11T12:19:41.283+00:00,True,False,,Common,19201,False,2018.2.23.3
Logiwa,2018-02-23T10:46:30.29Z,9,56,"The Logiwa.Common deployment package, built on 23.02.2018 13:46:12",Logiwa.Common,False,2018-04-11T12:19:41.283+00:00,True,False,,Common,19201,False,2018.2.23.3
Momentum,2018-02-23T10:41:32.06Z,4,56,Client for Momentum PM Portal-API,Momentum.Pm.PortalApi,True,2018-04-16T03:00:50.57+00:00,True,False,,"Momentum,PM,Fastighetssystem",687587,False,5.12.1136-beta
Momentum,2018-02-23T10:41:16.013Z,4,56,Client for Momentum PM API,Momentum.Pm.Api,True,2018-04-16T03:00:31.727+00:00,True,False,,"Momentum,PM,Fastighetssystem",593830,False,5.12.1136-beta
Gurux Ltd,2018-02-23T10:42:55.377Z,2,56,Purpose of Gurux.DLMS.UI is help to create user interface for DLMS applications.,Gurux.DLMS.UI,False,2018-04-18T05:41:12.247+00:00,True,False,Purpose of Gurux.DLMS.UI is help to create user interface for DLMS applications.,"DLMS,COSEM,UI",6412,False,8.5.1802.2301
Will Roscoe,2018-02-23T10:42:53.563Z,56,56,"A custom Umbraco Forms workflow to allow users to save a new marketing contact to a Bronto (https://bronto.com) contact and associated list, using the Bronto SOAP Api. The workflow allows mapping between Bronto fields and the Umbraco form fields.",UmbracoFormsBrontoWorkflow,False,2018-02-23T10:42:53.563+00:00,True,False,,"Umbraco,Forms,Bronto,Workflow",66,False,1.0.0
Gurux Ltd,2018-02-23T10:42:55.377Z,2,56,Purpose of Gurux.DLMS.UI is help to create user interface for DLMS applications.,Gurux.DLMS.UI,False,2018-04-18T05:41:12.247+00:00,True,False,Purpose of Gurux.DLMS.UI is help to create user interface for DLMS applications.,"DLMS,COSEM,UI",6412,False,8.5.1802.2301
Will Roscoe,2018-02-23T10:42:53.563Z,56,56,"A custom Umbraco Forms workflow to allow users to save a new marketing contact to a Bronto (https://bronto.com) contact and associated list, using the Bronto SOAP Api. The workflow allows mapping between Bronto fields and the Umbraco form fields.",UmbracoFormsBrontoWorkflow,False,2018-02-23T10:42:53.563+00:00,True,False,,"Umbraco,Forms,Bronto,Workflow",66,False,1.0.0
Momentum,2018-02-23T10:41:32.06Z,4,56,Client for Momentum PM Portal-API,Momentum.Pm.PortalApi,True,2018-04-16T03:00:50.57+00:00,True,False,,"Momentum,PM,Fastighetssystem",687587,False,5.12.1136-beta
Momentum,2018-02-23T10:41:16.013Z,4,56,Client for Momentum PM API,Momentum.Pm.Api,True,2018-04-16T03:00:31.727+00:00,True,False,,"Momentum,PM,Fastighetssystem",593830,False,5.12.1136-beta
Logiwa,2018-02-23T10:37:43.007Z,9,56,"The Logiwa.Common deployment package, built on 23.02.2018 13:37:27",Logiwa.Common,False,2018-04-11T12:19:41.283+00:00,True,False,,Common,19201,False,2018.2.23.2
Logiwa,2018-02-23T10:37:43.007Z,9,56,"The Logiwa.Common deployment package, built on 23.02.2018 13:37:27",Logiwa.Common,False,2018-04-11T12:19:41.283+00:00,True,False,,Common,19201,False,2018.2.23.2
David Bond,2018-02-23T10:35:45.44Z,56,56,"Provides access to EOX, Product Information and Serial Number to Information APIs.  Requires client crendentials.",Cisco.Api,False,2018-02-23T14:59:11.23+00:00,True,False,,,116,False,1.0.0
David Bond,2018-02-23T10:35:45.44Z,56,56,"Provides access to EOX, Product Information and Serial Number to Information APIs.  Requires client crendentials.",Cisco.Api,False,2018-02-23T14:59:11.23+00:00,True,False,,,116,False,1.0.0
Robert Jørgensgaard Engdahl,2018-02-23T10:31:36.027Z,2,56,"Proper internationalization support for WPF (via NGettext).  In particular a GetTextMarkupExtension is included, which is what everyone uses anyway.",NGettext.Wpf,True,2018-04-18T22:00:04.74+00:00,True,False,,"gettext,wpf,ngettext,gettextmarkupextension,xgettext-xaml",713,False,1.0.8-alpha
Robert Jørgensgaard Engdahl,2018-02-23T10:31:36.027Z,2,56,"Proper internationalization support for WPF (via NGettext).  In particular a GetTextMarkupExtension is included, which is what everyone uses anyway.",NGettext.Wpf,True,2018-04-18T22:00:04.74+00:00,True,False,,"gettext,wpf,ngettext,gettextmarkupextension,xgettext-xaml",713,False,1.0.8-alpha
Logiwa,2018-02-23T10:28:54.27Z,9,56,"The Logiwa.Common deployment package, built on 23.02.2018 13:28:38",Logiwa.Common,False,2018-04-11T12:19:41.283+00:00,True,False,,Common,19201,False,2018.2.23.1
Geeks Ltd,2018-02-23T10:27:34.283Z,3,56,Olive Framework,Olive.Web,False,2018-04-17T11:59:36.63+00:00,True,False,,,2535,False,1.0.32
"Dox.Sweden AB,Jovan Paskota",2018-02-23T10:29:25.613Z,22,56,Resumable Upload for Dox,Dox.Core.ResumableUpload,False,2018-03-29T08:46:56.46+00:00,True,False,,"Dox,Resumable,Upload",2422,False,3.0.3
KubeClient,2018-02-23T10:26:37Z,21,56,A Kubernetes API client for .NET,KubeClient,False,2018-03-30T23:49:30.33+00:00,True,False,,"Kubernetes,Client,kubectl",1949,False,0.4.4
Shuai Zhang,2018-02-23T10:29:39.287Z,56,56,This C# project provide microsoft extensions style logger to help capture messages in xUnit. See project site for further details.,MicrosoftExtensions.Logging.Xunit,False,2018-02-23T10:29:39.287+00:00,True,False,,"xunit,logging",71,False,1.0.0
Geeks Ltd,2018-02-23T10:28:04.613Z,1,56,Olive Framework,Olive.Mvc,False,2018-04-19T14:51:28.91+00:00,True,False,,,5867,False,1.0.73
Geeks Ltd,2018-02-23T10:27:49.707Z,3,56,Olive Framework,Olive,False,2018-04-17T12:32:20.553+00:00,True,False,,,5298,False,1.0.59
"Dox.Sweden AB,Jovan Paskota",2018-02-23T10:29:25.613Z,22,56,Resumable Upload for Dox,Dox.Core.ResumableUpload,False,2018-03-29T08:46:56.46+00:00,True,False,,"Dox,Resumable,Upload",2422,False,3.0.3
Geeks Ltd,2018-02-23T10:28:04.613Z,1,56,Olive Framework,Olive.Mvc,False,2018-04-19T14:51:28.91+00:00,True,False,,,5867,False,1.0.73
Geeks Ltd,2018-02-23T10:27:34.283Z,3,56,Olive Framework,Olive.Web,False,2018-04-17T11:59:36.63+00:00,True,False,,,2535,False,1.0.32
Shuai Zhang,2018-02-23T10:29:39.287Z,56,56,This C# project provide microsoft extensions style logger to help capture messages in xUnit. See project site for further details.,MicrosoftExtensions.Logging.Xunit,False,2018-02-23T10:29:39.287+00:00,True,False,,"xunit,logging",71,False,1.0.0
Logiwa,2018-02-23T10:28:54.27Z,9,56,"The Logiwa.Common deployment package, built on 23.02.2018 13:28:38",Logiwa.Common,False,2018-04-11T12:19:41.283+00:00,True,False,,Common,19201,False,2018.2.23.1
Geeks Ltd,2018-02-23T10:27:49.707Z,3,56,Olive Framework,Olive,False,2018-04-17T12:32:20.553+00:00,True,False,,,5298,False,1.0.59
Emmanuel Mathot,2018-02-23T10:26:06.577Z,52,56,"Terradue.OpenSearch is a library targeting .NET 4.0 and above that provides an easy way to perform OpenSearch query from a class or an URL to multiple and custom types of results (Atom, Rdf...)",Terradue.OpenSearch,True,2018-02-27T11:30:09+00:00,True,False,,,19102,False,1.15.9-ftdataauthor10120180223T102540
KubeClient.Extensions.DependencyInjection,2018-02-23T10:26:53.72Z,21,56,Dependency-injection support for KubeClient,KubeClient.Extensions.DependencyInjection,False,2018-03-30T23:49:18.453+00:00,True,False,,"Kubernetes,Client,kubectl",1877,False,0.4.4
KubeClient.Extensions.KubeConfig,2018-02-23T10:27:06.673Z,21,56,Kubernetes client configuration support for KubeClient,KubeClient.Extensions.KubeConfig,False,2018-03-30T23:49:06.343+00:00,True,False,,"Kubernetes,Client,kubectl",1664,False,0.4.4
KubeClient.Extensions.DependencyInjection,2018-02-23T10:26:53.72Z,21,56,Dependency-injection support for KubeClient,KubeClient.Extensions.DependencyInjection,False,2018-03-30T23:49:18.453+00:00,True,False,,"Kubernetes,Client,kubectl",1877,False,0.4.4
Emmanuel Mathot,2018-02-23T10:26:06.577Z,52,56,"Terradue.OpenSearch is a library targeting .NET 4.0 and above that provides an easy way to perform OpenSearch query from a class or an URL to multiple and custom types of results (Atom, Rdf...)",Terradue.OpenSearch,True,2018-02-27T11:30:09+00:00,True,False,,,19102,False,1.15.9-ftdataauthor10120180223T102540
KubeClient.Extensions.KubeConfig,2018-02-23T10:27:06.673Z,21,56,Kubernetes client configuration support for KubeClient,KubeClient.Extensions.KubeConfig,False,2018-03-30T23:49:06.343+00:00,True,False,,"Kubernetes,Client,kubectl",1664,False,0.4.4
Amazon Web Services,2018-02-23T01:05:28.13Z,1,56,"AWS CodeBuild Client for the AWS SDK for C++. AWS SDK for C++ provides a modern C++ (version C++ 11 or later) interface for Amazon Web Services (AWS). It is meant to be performant and fully functioning with low- and high-level SDKs, while minimizing dependencies and providing platform portability (Windows, OSX, Linux, and mobile).",AWSSDKCPP-CodeBuild,False,2018-04-20T07:54:41.313+00:00,True,False,"v120, v140 and v141 binary packages along with header files. No custom memory management. Standard Compiler flags used. For more info, see https://github.com/aws/aws-sdk-cpp/blob/master/README.md","AWS,Amazon,cloud,aws-sdk-cpp,native,codebuild,nativepackage",12134,False,1.4.20161006.4
Owner,2018-02-23T10:20:15.91Z,56,56,Description,blockchain,False,2018-02-23T10:20:15.91+00:00,True,False,,,81,False,1.0.0
Owner,2018-02-23T10:20:15.91Z,56,56,Description,blockchain,False,2018-02-23T10:20:15.91+00:00,True,False,,,81,False,1.0.0
Microsoft,2018-02-23T10:13:27.553Z,8,56,Microsoft.Recognizers.Text.Sequence provides robust recognition and resolution of series entities like phone numbers and IP addresses.,Microsoft.Recognizers.Text.Sequence,False,2018-04-12T06:00:02.537+00:00,True,False,,"nlp,entity-extraction,parser-library,recognizer,phonenumber,netstandard2.0",2225,True,1.0.0.36
Microsoft,2018-02-23T10:13:27.553Z,8,56,Microsoft.Recognizers.Text.Sequence provides robust recognition and resolution of series entities like phone numbers and IP addresses.,Microsoft.Recognizers.Text.Sequence,False,2018-04-12T06:00:02.537+00:00,True,False,,"nlp,entity-extraction,parser-library,recognizer,phonenumber,netstandard2.0",2225,True,1.0.0.36
Microsoft,2018-02-23T10:13:01.833Z,8,56,"Microsoft.Recognizers.Text.DateTime provides robust recognition and resolution of Date and Time expressed in English, Spanish, French, Portuguese, and Chinese.",Microsoft.Recognizers.Text.DateTime,False,2018-04-12T05:59:25.24+00:00,True,False,,"nlp,entity-extraction,parser-library,recognizer,date,time,datetime,numex,timex,netstandard2.0",10850,True,1.0.0.36
Microsoft,2018-02-23T10:12:37.253Z,8,56,"Microsoft.Recognizers.Text.NumberWithUnit provides robust recognition and resolution of numbers with units expressed in English, Spanish, French, Portuguese, Chinese, and German.",Microsoft.Recognizers.Text.NumberWithUnit,False,2018-04-12T05:59:00.533+00:00,True,False,,"nlp,entity-extraction,parser-library,recognizer,numex,units,netstandard2.0",10959,True,1.0.0.36
Microsoft,2018-02-23T10:13:01.833Z,8,56,"Microsoft.Recognizers.Text.DateTime provides robust recognition and resolution of Date and Time expressed in English, Spanish, French, Portuguese, and Chinese.",Microsoft.Recognizers.Text.DateTime,False,2018-04-12T05:59:25.24+00:00,True,False,,"nlp,entity-extraction,parser-library,recognizer,date,time,datetime,numex,timex,netstandard2.0",10850,True,1.0.0.36
Microsoft,2018-02-23T10:12:37.253Z,8,56,"Microsoft.Recognizers.Text.NumberWithUnit provides robust recognition and resolution of numbers with units expressed in English, Spanish, French, Portuguese, Chinese, and German.",Microsoft.Recognizers.Text.NumberWithUnit,False,2018-04-12T05:59:00.533+00:00,True,False,,"nlp,entity-extraction,parser-library,recognizer,numex,units,netstandard2.0",10959,True,1.0.0.36
Microsoft,2018-02-23T10:06:51.26Z,8,56,Microsoft.Recognizers.Text provides base classes for robust recognition and resolution of text entities.,Microsoft.Recognizers.Text,False,2018-04-12T05:57:00.373+00:00,True,False,,"nlp,entity-extraction,parser-library,recognizer,text,netstandard2.0",11081,True,1.0.0.36
Microsoft,2018-02-23T10:07:14.883Z,8,56,"Microsoft.Recognizers.Text.Number provides robust recognition and resolution of numbers expressed in English, Spanish, French, Portuguese, Chinese, and German.",Microsoft.Recognizers.Text.Number,False,2018-04-12T05:58:29.47+00:00,True,False,,"nlp,entity-extraction,parser-library,recognizer,numex,numbers,netstandard2.0",10977,True,1.0.0.36
Microsoft,2018-02-23T10:07:14.883Z,8,56,"Microsoft.Recognizers.Text.Number provides robust recognition and resolution of numbers expressed in English, Spanish, French, Portuguese, Chinese, and German.",Microsoft.Recognizers.Text.Number,False,2018-04-12T05:58:29.47+00:00,True,False,,"nlp,entity-extraction,parser-library,recognizer,numex,numbers,netstandard2.0",10977,True,1.0.0.36
Microsoft,2018-02-23T10:06:51.26Z,8,56,Microsoft.Recognizers.Text provides base classes for robust recognition and resolution of text entities.,Microsoft.Recognizers.Text,False,2018-04-12T05:57:00.373+00:00,True,False,,"nlp,entity-extraction,parser-library,recognizer,text,netstandard2.0",11081,True,1.0.0.36
Amazon Web Services,2018-02-23T01:02:31.997Z,1,56,"AWS CloudTrail Client for the AWS SDK for C++. AWS SDK for C++ provides a modern C++ (version C++ 11 or later) interface for Amazon Web Services (AWS). It is meant to be performant and fully functioning with low- and high-level SDKs, while minimizing dependencies and providing platform portability (Windows, OSX, Linux, and mobile).",AWSSDKCPP-CloudTrail,False,2018-04-20T07:53:28.09+00:00,True,False,"v120, v140 and v141 binary packages along with header files. No custom memory management. Standard Compiler flags used. For more info, see https://github.com/aws/aws-sdk-cpp/blob/master/README.md","AWS,Amazon,cloud,aws-sdk-cpp,native,cloudtrail,nativepackage",17425,False,1.4.20131101.4
Qwerty.Test.Nuget,2018-02-22T15:01:17.98Z,43209,57,Package Description,Qwerty.Test.Nuget911,False,1900-01-01T00:00:00+00:00,False,False,,,-1,False,1.0.0
Qwerty.Test.Nuget,2018-02-22T15:01:17.98Z,43209,57,Package Description,Qwerty.Test.Nuget911,False,1900-01-01T00:00:00+00:00,False,False,,,-1,False,1.0.0
"NAXAM CO.,LTD",2018-02-23T09:57:38.21Z,56,56,Xamarin iOS Binding Library - Braintree PayPalOneTouch,Naxam.PayPalOneTouch.iOS,False,2018-02-23T09:57:38.21+00:00,True,False,Xamarin iOS Binding Library - Braintree PayPalOneTouch,"Xamarin.iOS,braintree,paypal,paypal-onetouch",1010,False,4.11.0
"NAXAM CO.,LTD",2018-02-23T09:57:13.037Z,56,56,Xamarin iOS Binding Library - BrainTree PayPalRisk,Naxam.PayPal.Risk.iOS,False,2018-02-23T09:57:13.037+00:00,True,False,Xamarin iOS Binding Library - BrainTree PayPalRisk,"Xamarin.iOS,braintree,paypal,risk,paypal-risk",918,False,4.11.0
"NAXAM CO.,LTD",2018-02-23T09:57:49.54Z,56,56,Xamarin iOS Binding Library - Braintree PayPalUtils,Naxam.PayPalUtils.iOS,False,2018-02-23T09:57:49.54+00:00,True,False,Xamarin iOS Binding Library - Braintree PayPalUtils,"Xamarin.iOS,braintree,paypal,paypal-utils",996,False,4.11.0
Tobias Kürschner,2018-02-23T09:56:40.41Z,4,56,interface for implementation of a plugin for de.kuerschner.kestrel http server in dotnet core.,de.kuerschner.core.pluginbase,False,2018-04-16T14:07:44.45+00:00,True,False,,"plugin,dotnetcore,core,kuerschner.core,extendable,webserver,server",484,False,1.0.12
Tobias Kürschner,2018-02-23T09:57:21.6Z,4,56,Extendable implementation of kestrel http server in dotnet core.,de.kuerschner.core.server,False,2018-04-16T13:50:54.043+00:00,True,False,,"dotnetcore,core,kuerschner.core,extendable,webserver,server",652,False,1.0.33
"NAXAM CO.,LTD",2018-02-23T09:57:26.46Z,56,56,Xamarin iOS Binding Library - Braintree PayPalDataCollector,Naxam.PayPalDataCollector.iOS,False,2018-02-23T09:57:26.46+00:00,True,False,Xamarin iOS Binding Library - Braintree PayPalDataCollector,"Xamarin.iOS,braintree,paypal,paypal-data-collector",1206,False,4.11.0
"NAXAM CO.,LTD",2018-02-23T09:56:34.77Z,56,56,Xamarin iOS Binding Library - Braintree UI,Naxam.BraintreeUI.iOS,False,2018-02-23T09:56:34.77+00:00,True,False,Xamarin iOS Binding Library - Braintree UI,"Xamarin.iOS,braintree,braintree-ui",475,False,4.11.0
"NAXAM CO.,LTD",2018-02-23T09:57:38.21Z,56,56,Xamarin iOS Binding Library - Braintree PayPalOneTouch,Naxam.PayPalOneTouch.iOS,False,2018-02-23T09:57:38.21+00:00,True,False,Xamarin iOS Binding Library - Braintree PayPalOneTouch,"Xamarin.iOS,braintree,paypal,paypal-onetouch",1010,False,4.11.0
"NAXAM CO.,LTD",2018-02-23T09:56:20.583Z,56,56,Xamarin iOS Binding Library - Braintree PaymentFlow,Naxam.BraintreePaymentFlow.iOS,False,2018-02-23T09:56:20.583+00:00,True,False,Xamarin iOS Binding Library - Braintree PaymentFlow,"Xamarin.iOS,braintree,braintree-payment-flow,braintreepaymentflow",332,False,4.11.0
"NAXAM CO.,LTD",2018-02-23T09:56:46.88Z,56,56,Xamarin iOS Binding Library - Braintree UnionPay,Naxam.BraintreeUnionPay.iOS,False,2018-02-23T09:56:46.88+00:00,True,False,Xamarin iOS Binding Library - Braintree UnionPay,"Xamarin.iOS,braintree,braintree-ui",1631,False,4.11.0
Lykke,2018-02-23T09:56:38.88Z,7,56,Client for Lykke.Service.PayInternal API,Lykke.Service.PayInternal.Client,False,2018-04-13T09:15:38.65+00:00,True,False,,Lykke,4485,False,1.0.26
"NAXAM CO.,LTD",2018-02-23T09:57:00.427Z,56,56,Xamarin iOS Binding Library - Braintree Venmo,Naxam.BraintreeVenmo.iOS,False,2018-02-23T09:57:00.427+00:00,True,False,Xamarin iOS Binding Library - Braintree Venmo,"Xamarin.iOS,braintree,venmo,braintree-venmo",793,False,4.11.0
Stardust,2018-02-23T09:56:10.44Z,16,56,A simple authentication filter for WebApi that supports azure ad b2c,Stardust.Aadb2c.AuthenticationFilter,True,2018-04-04T10:50:50.153+00:00,True,False,"Add the line
 config.Filters.Add(new OAuthAuthenticationFilter());
 to WebApiConfig.Register","OAuth2,Azure,AAD,B2C,WebApi",2542,False,2.0.0-pre0001
Lewis Kirkaldie,2018-02-23T09:58:14.1Z,56,56,"Telemetry library for logging via NLog to Cinegy Telemetry via ElasticSearch , in C# targetting NET Framework 4.6.1 and NET Core 2.0",Cinegy.Telemetry,True,2018-02-23T09:58:14.1+00:00,True,False,,"Cinegy,Telemetry,Logging",1430,False,2.0.19-beta
Lewis Kirkaldie,2018-02-23T09:58:14.1Z,56,56,"Telemetry library for logging via NLog to Cinegy Telemetry via ElasticSearch , in C# targetting NET Framework 4.6.1 and NET Core 2.0",Cinegy.Telemetry,True,2018-02-23T09:58:14.1+00:00,True,False,,"Cinegy,Telemetry,Logging",1430,False,2.0.19-beta
"NAXAM CO.,LTD",2018-02-23T09:57:26.46Z,56,56,Xamarin iOS Binding Library - Braintree PayPalDataCollector,Naxam.PayPalDataCollector.iOS,False,2018-02-23T09:57:26.46+00:00,True,False,Xamarin iOS Binding Library - Braintree PayPalDataCollector,"Xamarin.iOS,braintree,paypal,paypal-data-collector",1206,False,4.11.0
"NAXAM CO.,LTD",2018-02-23T09:56:34.77Z,56,56,Xamarin iOS Binding Library - Braintree UI,Naxam.BraintreeUI.iOS,False,2018-02-23T09:56:34.77+00:00,True,False,Xamarin iOS Binding Library - Braintree UI,"Xamarin.iOS,braintree,braintree-ui",475,False,4.11.0
"NAXAM CO.,LTD",2018-02-23T09:56:46.88Z,56,56,Xamarin iOS Binding Library - Braintree UnionPay,Naxam.BraintreeUnionPay.iOS,False,2018-02-23T09:56:46.88+00:00,True,False,Xamarin iOS Binding Library - Braintree UnionPay,"Xamarin.iOS,braintree,braintree-ui",1631,False,4.11.0
"NAXAM CO.,LTD",2018-02-23T09:57:49.54Z,56,56,Xamarin iOS Binding Library - Braintree PayPalUtils,Naxam.PayPalUtils.iOS,False,2018-02-23T09:57:49.54+00:00,True,False,Xamarin iOS Binding Library - Braintree PayPalUtils,"Xamarin.iOS,braintree,paypal,paypal-utils",996,False,4.11.0
mihasic,2018-02-23T09:54:19.453Z,10,56,NodeJS 9.6.1 for Win x64 to embed in build scripts.,Nodejs.Redist.x64,False,2018-04-10T08:04:31.71+00:00,True,False,NodeJS to embed in build scripts.,"nodejs,x64",7934,False,9.6.1
Tobias Kürschner,2018-02-23T09:57:21.6Z,4,56,Extendable implementation of kestrel http server in dotnet core.,de.kuerschner.core.server,False,2018-04-16T13:50:54.043+00:00,True,False,,"dotnetcore,core,kuerschner.core,extendable,webserver,server",652,False,1.0.33
"NAXAM CO.,LTD",2018-02-23T09:56:20.583Z,56,56,Xamarin iOS Binding Library - Braintree PaymentFlow,Naxam.BraintreePaymentFlow.iOS,False,2018-02-23T09:56:20.583+00:00,True,False,Xamarin iOS Binding Library - Braintree PaymentFlow,"Xamarin.iOS,braintree,braintree-payment-flow,braintreepaymentflow",332,False,4.11.0
Stardust,2018-02-23T09:56:10.44Z,16,56,A simple authentication filter for WebApi that supports azure ad b2c,Stardust.Aadb2c.AuthenticationFilter,True,2018-04-04T10:50:50.153+00:00,True,False,"Add the line
 config.Filters.Add(new OAuthAuthenticationFilter());
 to WebApiConfig.Register","OAuth2,Azure,AAD,B2C,WebApi",2542,False,2.0.0-pre0001
"NAXAM CO.,LTD",2018-02-23T09:57:13.037Z,56,56,Xamarin iOS Binding Library - BrainTree PayPalRisk,Naxam.PayPal.Risk.iOS,False,2018-02-23T09:57:13.037+00:00,True,False,Xamarin iOS Binding Library - BrainTree PayPalRisk,"Xamarin.iOS,braintree,paypal,risk,paypal-risk",918,False,4.11.0
"NAXAM CO.,LTD",2018-02-23T09:57:00.427Z,56,56,Xamarin iOS Binding Library - Braintree Venmo,Naxam.BraintreeVenmo.iOS,False,2018-02-23T09:57:00.427+00:00,True,False,Xamarin iOS Binding Library - Braintree Venmo,"Xamarin.iOS,braintree,venmo,braintree-venmo",793,False,4.11.0
Ulysta,2018-02-23T09:55:36.533Z,36,56,"ViewModels And BindingModels for Saturn WebApi, WebApp and MobileApp",SaturnModels.Ulysta,False,2018-03-15T07:18:41.08+00:00,True,False,,"saturn,ulysta",483,False,1.0.6
Lykke,2018-02-23T09:56:38.88Z,7,56,Client for Lykke.Service.PayInternal API,Lykke.Service.PayInternal.Client,False,2018-04-13T09:15:38.65+00:00,True,False,,Lykke,4485,False,1.0.26
Tobias Kürschner,2018-02-23T09:56:40.41Z,4,56,interface for implementation of a plugin for de.kuerschner.kestrel http server in dotnet core.,de.kuerschner.core.pluginbase,False,2018-04-16T14:07:44.45+00:00,True,False,,"plugin,dotnetcore,core,kuerschner.core,extendable,webserver,server",484,False,1.0.12
larsr,2018-02-23T09:55:39.673Z,2,56,Compello.InvoiceApproval.Ocr.ReceiverCore NuGetPackage,Compello.InvoiceApproval.OCR.ReceiverCore,False,2018-04-18T12:30:15.36+00:00,True,False,,"Compello,AS",3476,False,1.1.38
"NAXAM CO.,LTD",2018-02-23T09:55:27.957Z,56,56,Xamarin iOS Binding Library - Braintree ApplePay,Naxam.BraintreeApplePay.iOS,False,2018-02-23T09:55:27.957+00:00,True,False,Xamarin iOS Binding Library - Braintree ApplePay,"Xamarin.iOS,braintree,apple-pay,braintree-apple-pay",1314,False,4.11.0
"NAXAM CO.,LTD",2018-02-23T09:55:40.69Z,56,56,Xamarin iOS Binding Library - Braintree Card,Naxam.BraintreeCard.iOS,False,2018-02-23T09:55:40.69+00:00,True,False,Xamarin iOS Binding Library - Braintree Card,"Xamarin.iOS,braintree,card,braintree-card",4467,False,4.11.0
"NAXAM CO.,LTD",2018-02-23T09:55:02.16Z,56,56,Xamarin iOS Binding Library - Braintree 3DSecure,Naxam.Braintree3DSecure.iOS,False,2018-02-23T09:55:02.16+00:00,True,False,Xamarin iOS Binding Library - Braintree 3DSecure,"Xamarin.iOS,braintree,3d-secure,braintree-3d-secure",610,False,4.11.0
"NAXAM CO.,LTD",2018-02-23T09:56:06.63Z,56,56,Xamarin iOS Binding Library - Braintree BraintreePayPal,Naxam.BraintreePayPal.iOS,False,2018-02-23T09:56:06.63+00:00,True,False,Xamarin iOS Binding Library - Braintree BraintreePayPal,"Xamarin.iOS,braintree,paypal,braintree-paypal",1309,False,4.11.0
"NAXAM CO.,LTD",2018-02-23T09:55:52.33Z,56,56,Xamarin iOS Binding Library - Braintree DataCollector,Naxam.BraintreeDataCollector.iOS,False,2018-02-23T09:55:52.33+00:00,True,False,Xamarin iOS Binding Library - Braintree DataCollector,"Xamarin.iOS,braintree,data-collector,braintree-data-collector",563,False,4.11.0
"NAXAM CO.,LTD",2018-02-23T09:55:14.063Z,56,56,Xamarin iOS Binding Library - Braintree AmericanExpress,Naxam.BraintreeAmericanExpress.iOS,False,2018-02-23T09:55:14.063+00:00,True,False,Xamarin iOS Binding Library - Braintree AmericanExpress,"Xamarin.iOS,braintree,apple-pay,braintree-american-express,braintreeamericanexpress",112,False,4.11.0
Ulysta,2018-02-23T09:54:55.75Z,5,56,Rest client for Saturn WebApps and MobileApp,Saturn.RestClient.Ulysta,False,2018-04-15T15:30:31.04+00:00,True,False,,"saturn,ulysta",615,False,1.0.9
"NAXAM CO.,LTD",2018-02-23T09:54:49.347Z,56,56,Xamarin iOS Binding Library - BrainTree Core,Naxam.BrainTreeCore.iOS,False,2018-02-23T09:54:49.347+00:00,True,False,Xamarin iOS Binding Library - BrainTree Core,"Xamarin.iOS,braintree,braintree-core",3848,False,4.11.0
"NAXAM CO.,LTD",2018-02-23T09:56:06.63Z,56,56,Xamarin iOS Binding Library - Braintree BraintreePayPal,Naxam.BraintreePayPal.iOS,False,2018-02-23T09:56:06.63+00:00,True,False,Xamarin iOS Binding Library - Braintree BraintreePayPal,"Xamarin.iOS,braintree,paypal,braintree-paypal",1309,False,4.11.0
"NAXAM CO.,LTD",2018-02-23T09:55:52.33Z,56,56,Xamarin iOS Binding Library - Braintree DataCollector,Naxam.BraintreeDataCollector.iOS,False,2018-02-23T09:55:52.33+00:00,True,False,Xamarin iOS Binding Library - Braintree DataCollector,"Xamarin.iOS,braintree,data-collector,braintree-data-collector",563,False,4.11.0
"NAXAM CO.,LTD",2018-02-23T09:55:40.69Z,56,56,Xamarin iOS Binding Library - Braintree Card,Naxam.BraintreeCard.iOS,False,2018-02-23T09:55:40.69+00:00,True,False,Xamarin iOS Binding Library - Braintree Card,"Xamarin.iOS,braintree,card,braintree-card",4467,False,4.11.0
EclipseTrading,2018-02-23T09:49:23.553Z,35,56,Aurora Framework container for tabbed views,Aurora.TabContainer,False,2018-03-16T08:44:15.763+00:00,True,False,,"WPF,MVPVM,MVVM",8020,False,3.0.1.48
EclipseTrading,2018-02-23T09:50:34.12Z,35,56,MVPVM Framework Application All,Aurora.All,False,2018-03-16T08:45:23.157+00:00,True,False,,"WPF,MVPVM,MVVM",4877,False,3.0.1.48
EclipseTrading,2018-02-23T09:48:56.833Z,35,56,MVPVM Framework Core Library,Aurora.Core,False,2018-03-16T08:43:49.513+00:00,True,False,,"WPF,MVPVM,MVVM",8582,False,3.0.1.48
EclipseTrading,2018-02-23T09:49:37.897Z,35,56,MVPVM Framework Application Host Project,Aurora.AppHost,False,2018-03-16T08:44:30+00:00,True,False,,"WPF,MVPVM,MVVM",8365,False,3.0.1.48
EclipseTrading,2018-02-23T09:50:20.243Z,35,56,Aurora Framework Syncfusion Container for docked views,Aurora.SyncfusionDockingContainer,False,2018-03-16T08:45:08.047+00:00,True,False,,"WPF,MVPVM,MVVM",2482,False,3.0.1.48
Aurelium,2018-02-19T14:37:56.49Z,56,60,Helper functions for working with the .NET framework 4.0 or higher,AureliumSystem,False,2018-02-23T09:32:20.693+00:00,False,False,,,3922,False,4.0.103.4
Paweł Hemperek,2018-02-23T09:19:00.54Z,43209,56,It's a port of Jekyll whiteglass theme to Wyam world,Wyam.Whiteglass,False,1900-01-01T00:00:00+00:00,False,False,,wyam,-1,False,1.1.1
Kahbazi,2018-02-23T09:48:25.35Z,56,56,Contains middlewares to support Telegram Login Widget.,Owin.Security.Telegram,False,2018-02-23T09:48:25.35+00:00,True,False,,"Microsoft,Owin,Telegram",70,False,0.1.0
Anton Shkuratov,2018-02-23T09:51:23.98Z,56,56,Extension for Entity Framework Npgsql for Bulk Copy,Npgsql.Bulk,False,2018-02-23T09:51:23.98+00:00,True,False,Extension for Entity Framework Npgsql for Bulk Copy,"Npgsql,Bulk,Copy",1554,False,0.5.13
EclipseTrading,2018-02-23T09:50:06.007Z,35,56,MVPVM Framework Controls Library,Aurora.Controls,False,2018-03-16T08:44:55.093+00:00,True,False,,"WPF,MVPVM,MVVM",6794,False,3.0.1.48
EclipseTrading,2018-02-23T09:49:10.71Z,35,56,Aurora Framework container for command bars,Aurora.CommandBarContainer,False,2018-03-16T08:44:02.593+00:00,True,False,,"WPF,MVPVM,MVVM",8688,False,3.0.1.48
EclipseTrading,2018-02-23T09:49:51.96Z,35,56,MVPVM Framework Application Module Project,Aurora.Module,False,2018-03-16T08:44:42.407+00:00,True,False,,"WPF,MVPVM,MVVM",8031,False,3.0.1.48
EclipseTrading,2018-02-23T09:50:34.12Z,35,56,MVPVM Framework Application All,Aurora.All,False,2018-03-16T08:45:23.157+00:00,True,False,,"WPF,MVPVM,MVVM",4877,False,3.0.1.48
Anton Shkuratov,2018-02-23T09:51:23.98Z,56,56,Extension for Entity Framework Npgsql for Bulk Copy,Npgsql.Bulk,False,2018-02-23T09:51:23.98+00:00,True,False,Extension for Entity Framework Npgsql for Bulk Copy,"Npgsql,Bulk,Copy",1554,False,0.5.13
EclipseTrading,2018-02-23T09:50:20.243Z,35,56,Aurora Framework Syncfusion Container for docked views,Aurora.SyncfusionDockingContainer,False,2018-03-16T08:45:08.047+00:00,True,False,,"WPF,MVPVM,MVVM",2482,False,3.0.1.48
EclipseTrading,2018-02-23T09:50:06.007Z,35,56,MVPVM Framework Controls Library,Aurora.Controls,False,2018-03-16T08:44:55.093+00:00,True,False,,"WPF,MVPVM,MVVM",6794,False,3.0.1.48
EclipseTrading,2018-02-23T09:49:51.96Z,35,56,MVPVM Framework Application Module Project,Aurora.Module,False,2018-03-16T08:44:42.407+00:00,True,False,,"WPF,MVPVM,MVVM",8031,False,3.0.1.48
EclipseTrading,2018-02-23T09:49:37.897Z,35,56,MVPVM Framework Application Host Project,Aurora.AppHost,False,2018-03-16T08:44:30+00:00,True,False,,"WPF,MVPVM,MVVM",8365,False,3.0.1.48
EclipseTrading,2018-02-23T09:49:23.553Z,35,56,Aurora Framework container for tabbed views,Aurora.TabContainer,False,2018-03-16T08:44:15.763+00:00,True,False,,"WPF,MVPVM,MVVM",8020,False,3.0.1.48
EclipseTrading,2018-02-23T09:49:10.71Z,35,56,Aurora Framework container for command bars,Aurora.CommandBarContainer,False,2018-03-16T08:44:02.593+00:00,True,False,,"WPF,MVPVM,MVVM",8688,False,3.0.1.48
Kahbazi,2018-02-23T09:48:25.35Z,56,56,Contains middlewares to support Telegram Login Widget.,Owin.Security.Telegram,False,2018-02-23T09:48:25.35+00:00,True,False,,"Microsoft,Owin,Telegram",70,False,0.1.0
EclipseTrading,2018-02-23T09:48:56.833Z,35,56,MVPVM Framework Core Library,Aurora.Core,False,2018-03-16T08:43:49.513+00:00,True,False,,"WPF,MVPVM,MVVM",8582,False,3.0.1.48
Team Pacifier,2018-02-23T09:44:49.107Z,28,56,Package Description,Collector.Common.Heartbeat,False,2018-03-23T14:50:04.503+00:00,True,False,,,12404,False,2.0.2
Stardust.Aadb2c.AuthenticationFilter.Core,2018-02-23T09:44:31.827Z,16,56,Package Description,Stardust.Aadb2c.AuthenticationFilter.Core,True,2018-04-04T10:49:49.323+00:00,True,False,,authentication,301,False,1.0.0-pre0001
Team Pacifier,2018-02-23T09:44:49.107Z,28,56,Package Description,Collector.Common.Heartbeat,False,2018-03-23T14:50:04.503+00:00,True,False,,,12404,False,2.0.2
Stardust.Aadb2c.AuthenticationFilter.Core,2018-02-23T09:44:31.827Z,16,56,Package Description,Stardust.Aadb2c.AuthenticationFilter.Core,True,2018-04-04T10:49:49.323+00:00,True,False,,authentication,301,False,1.0.0-pre0001
Elders,2018-02-23T09:36:06.56Z,17,56,Package Description,Cronus.Transport.AzureServiceBus,False,2018-04-03T06:54:34.52+00:00,True,False,,"CQRS,DDD,ES,Event,store,sourcing",1063,False,2.0.8
Harsha,2018-02-23T09:34:27.15Z,56,56,Package Description,LegaOne.GetVaultSecrets,False,2018-02-23T11:01:47.067+00:00,True,False,,,287,False,1.0.2
Tobias Kürschner,2018-01-23T13:15:45.353Z,43209,87,Contains an abstract class to implement a mysql table controller.,de.kuerschner.kestrel.mysql,False,1900-01-01T00:00:00+00:00,False,False,,"dotnetcore,mysql,kuerschner.kestrel,utilities,database",-1,False,1.0.6
Tobias Kürschner,2018-02-02T06:43:17.497Z,43209,77,Contains an abstract class to implement a mysql table controller.,de.kuerschner.kestrel.mysql,False,1900-01-01T00:00:00+00:00,False,False,,"dotnetcore,mysql,kuerschner.kestrel,utilities,database",-1,False,1.0.10
Tobias Kürschner,2018-01-23T07:27:52.73Z,43209,87,Contains an abstract class to implement a mysql table controller.,de.kuerschner.kestrel.mysql,False,1900-01-01T00:00:00+00:00,False,False,,"dotnetcore,mysql,kuerschner.kestrel,utilities,database",-1,False,1.0.5
Tobias Kürschner,2018-01-10T04:40:41.37Z,43209,100,Contains an abstract class to implement a mysql table controller.,de.kuerschner.kestrel.mysql,False,1900-01-01T00:00:00+00:00,False,False,,"dotnetcore,mysql,kuerschner.kestrel,utilities,database",-1,False,1.0.4
Tobias Kürschner,2017-12-19T11:31:49.99Z,43209,122,Contains an abstract class to implement a mysql table controller.,de.kuerschner.kestrel.mysql,False,1900-01-01T00:00:00+00:00,False,False,Contains an abstract class to implement a mysql table controller.,"dotnetcore,mysql,kuerschner.kestrel,utilities,database",-1,False,1.0.3
Tobias Kürschner,2017-12-19T11:28:12.453Z,43209,122,Contains an abstract class to implement a mysql table controller.,de.kuerschner.kestrel.mysql,False,1900-01-01T00:00:00+00:00,False,False,Contains an abstract class to implement a mysql table controller.,"dotnetcore,mysql,kuerschner.kestrel,utilities,database",-1,False,1.0.2
Elders,2018-02-23T09:36:06.56Z,17,56,Package Description,Cronus.Transport.AzureServiceBus,False,2018-04-03T06:54:34.52+00:00,True,False,,"CQRS,DDD,ES,Event,store,sourcing",1063,False,2.0.8
Tobias Kürschner,2017-12-19T05:14:23.097Z,43209,122,Contains an abstract class to implement a mysql table controller.,de.kuerschner.kestrel.mysql,False,1900-01-01T00:00:00+00:00,False,False,Contains an abstract class to implement a mysql table controller.,"dotnetcore,mysql,kuerschner.kestrel,utilities,database",-1,False,1.0.1
Tobias Kürschner,2017-11-21T18:50:10.537Z,43209,150,Contains an abstract class to implement a mysql table controller.,de.kuerschner.kestrel.mysql,False,1900-01-01T00:00:00+00:00,False,False,Contains an abstract class to implement a mysql table controller.,"dotnetcore,dotnet,mysql",-1,False,1.0.0
Tobias Kürschner,2018-01-29T06:25:22.47Z,43209,81,toolset of static cryptography functions,de.kuerschner.kestrel.cryptography,False,1900-01-01T00:00:00+00:00,False,False,,"dotnetcore,cryptography,kuerschner.kestrel",-1,False,1.0.2
Tobias Kürschner,2017-12-19T12:06:50.923Z,43209,122,toolset of static cryptography functions,de.kuerschner.kestrel.cryptography,False,1900-01-01T00:00:00+00:00,False,False,toolset of static cryptography functions,"dotnetcore,cryptography,kuerschner.kestrel",-1,False,1.0.1
Harsha,2018-02-23T09:34:27.15Z,56,56,Package Description,LegaOne.GetVaultSecrets,False,2018-02-23T11:01:47.067+00:00,True,False,,,287,False,1.0.2
Aurelium,2018-02-23T09:32:20.693Z,56,56,Helper functions for working with the .NET framework 4.0 or higher,AureliumSystem,False,2018-02-23T09:32:20.693+00:00,True,False,,,3922,False,4.0.104.1
Tobias Kürschner,2017-12-19T11:59:37.32Z,43209,122,toolset of static cryptography functions,de.kuerschner.kestrel.cryptography,False,1900-01-01T00:00:00+00:00,False,False,toolset of static cryptography functions,"dotnetcore,cryptography,kuerschner.kestrel",-1,False,1.0.0
Tobias Kürschner,2017-12-20T10:03:36.16Z,43209,121,interface for implementation of a plugin for de.kuerschner.kestrel http server in dotnet core.,de.kuerschner.kestrel.pluginbase,False,1900-01-01T00:00:00+00:00,False,False,,"plugin,dotnetcore,kestrel,kuerschner.kestrel,extendable,webserver,server",-1,False,1.0.1
de.kuerschner.kestrel.pluginbase,2017-11-21T19:36:04.623Z,43209,150,Package to create plugins for my kestrel server implementation. Contains an interface to implement and some other classes.,de.kuerschner.kestrel.pluginbase,False,1900-01-01T00:00:00+00:00,False,False,Package to create plugins for my kestrel server implementation. Contains an interface to implement and some other classes.,"dotnet,core,kestrel,plugin,dotnetcore",-1,False,1.0.0
Tobias Kürschner,2017-12-20T20:00:04.513Z,43209,121,interface for implementation of a plugin for de.kuerschner.kestrel http server in dotnet core.,de.kuerschner.kestrel.pluginbase,False,1900-01-01T00:00:00+00:00,False,False,,"plugin,dotnetcore,kestrel,kuerschner.kestrel,extendable,webserver,server",-1,False,1.0.3
Tobias Kürschner,2017-12-20T10:08:22.937Z,43209,121,interface for implementation of a plugin for de.kuerschner.kestrel http server in dotnet core.,de.kuerschner.kestrel.pluginbase,False,1900-01-01T00:00:00+00:00,False,False,,"plugin,dotnetcore,kestrel,kuerschner.kestrel,extendable,webserver,server",-1,False,1.0.2
Tobias Kürschner,2018-01-21T19:36:00.167Z,43209,89,interface for implementation of a plugin for de.kuerschner.kestrel http server in dotnet core.,de.kuerschner.kestrel.pluginbase,False,1900-01-01T00:00:00+00:00,False,False,,"plugin,dotnetcore,kestrel,kuerschner.kestrel,extendable,webserver,server",-1,False,1.0.5
Tobias Kürschner,2017-12-20T21:56:51.38Z,43209,121,interface for implementation of a plugin for de.kuerschner.kestrel http server in dotnet core.,de.kuerschner.kestrel.pluginbase,False,1900-01-01T00:00:00+00:00,False,False,,"plugin,dotnetcore,kestrel,kuerschner.kestrel,extendable,webserver,server",-1,False,1.0.4
Tobias Kürschner,2018-01-24T10:13:38.157Z,43209,86,interface for implementation of a plugin for de.kuerschner.kestrel http server in dotnet core.,de.kuerschner.kestrel.pluginbase,False,1900-01-01T00:00:00+00:00,False,False,,"plugin,dotnetcore,kestrel,kuerschner.kestrel,extendable,webserver,server",-1,False,1.0.6
Tobias Kürschner,2018-02-02T06:43:51.527Z,43209,77,interface for implementation of a plugin for de.kuerschner.kestrel http server in dotnet core.,de.kuerschner.kestrel.pluginbase,False,1900-01-01T00:00:00+00:00,False,False,,"plugin,dotnetcore,kestrel,kuerschner.kestrel,extendable,webserver,server",-1,False,1.0.9
Spring IT,2018-02-23T09:31:35.177Z,56,56,SimpleInjector integration A C# implentation of the Moneybird API V2.,MoneySharp.SimpleInjector,False,2018-02-23T09:31:35.177+00:00,True,False,,"moneybird,api,moneysharp,simpleinjector",695,False,2.0.0.42
Spring IT,2018-02-23T09:31:22.613Z,56,56,A C# implentation of the Moneybird API V2.,MoneySharp,False,2018-02-23T09:31:22.613+00:00,True,False,,"moneybird,api,moneysharp",696,False,2.0.0.42
Aurelium,2018-02-23T09:32:20.693Z,56,56,Helper functions for working with the .NET framework 4.0 or higher,AureliumSystem,False,2018-02-23T09:32:20.693+00:00,True,False,,,3922,False,4.0.104.1
Spring IT,2018-02-23T09:31:22.613Z,56,56,A C# implentation of the Moneybird API V2.,MoneySharp,False,2018-02-23T09:31:22.613+00:00,True,False,,"moneybird,api,moneysharp",696,False,2.0.0.42
Tobias Kürschner,2018-01-28T21:31:42.37Z,43209,82,request and response models for de.kuerschner.kestrel http server in dotnet core.,de.kuerschner.kestrel.requestmodels,False,1900-01-01T00:00:00+00:00,False,False,,"plugin,dotnetcore,kestrel,kuerschner.kestrel,extendable,webserver,server",-1,False,1.0.5
Tobias Kürschner,2018-01-25T16:16:28.113Z,43209,85,request and response models for de.kuerschner.kestrel http server in dotnet core.,de.kuerschner.kestrel.requestmodels,False,1900-01-01T00:00:00+00:00,False,False,,"plugin,dotnetcore,kestrel,kuerschner.kestrel,extendable,webserver,server",-1,False,1.0.2
Tobias Kürschner,2018-01-23T15:04:52.627Z,43209,87,request and response models for de.kuerschner.kestrel http server in dotnet core.,de.kuerschner.kestrel.requestmodels,False,1900-01-01T00:00:00+00:00,False,False,,"plugin,dotnetcore,kestrel,kuerschner.kestrel,extendable,webserver,server",-1,False,1.0.0
Tobias Kürschner,2018-02-20T15:39:59.193Z,43209,59,Extendable implementation of kestrel http server in dotnet core.,de.kuerschner.kestrel.server,False,1900-01-01T00:00:00+00:00,False,False,,"dotnetcore,kestrel,kuerschner.kestrel,extendable,webserver,server",-1,False,1.0.29
Tobias Kürschner,2018-02-02T06:44:23.56Z,43209,77,Extendable implementation of kestrel http server in dotnet core.,de.kuerschner.kestrel.server,False,1900-01-01T00:00:00+00:00,False,False,,"dotnetcore,kestrel,kuerschner.kestrel,extendable,webserver,server",-1,False,1.0.25
Spring IT,2018-02-23T09:31:35.177Z,56,56,SimpleInjector integration A C# implentation of the Moneybird API V2.,MoneySharp.SimpleInjector,False,2018-02-23T09:31:35.177+00:00,True,False,,"moneybird,api,moneysharp,simpleinjector",695,False,2.0.0.42
Tobias Kürschner,2018-01-29T06:45:07.65Z,43209,81,Extendable implementation of kestrel http server in dotnet core.,de.kuerschner.kestrel.server,False,1900-01-01T00:00:00+00:00,False,False,,"dotnetcore,kestrel,kuerschner.kestrel,extendable,webserver,server",-1,False,1.0.21
Tobias Kürschner,2018-01-28T22:57:56.92Z,43209,82,Extendable implementation of kestrel http server in dotnet core.,de.kuerschner.kestrel.server,False,1900-01-01T00:00:00+00:00,False,False,,"dotnetcore,kestrel,kuerschner.kestrel,extendable,webserver,server",-1,False,1.0.20
Tobias Kürschner,2018-01-08T13:03:53.293Z,43209,102,Extendable implementation of kestrel http server in dotnet core.,de.kuerschner.kestrel.server,False,1900-01-01T00:00:00+00:00,False,False,,"dotnetcore,kestrel,kuerschner.kestrel,extendable,webserver,server",-1,False,1.0.11
Tobias Kürschner,2017-11-26T12:09:37.16Z,43209,145,Extendable implementation of kestrel http server in dotnet core.,de.kuerschner.kestrel.server,False,1900-01-01T00:00:00+00:00,False,False,Extendable implementation of kestrel http server in dotnet core.,"dotnetcore,kestrel,kuerschner.kestrel,extendable,webserver,server",-1,False,1.0.2
Tobias Kürschner,2017-12-11T03:36:12.123Z,43209,130,Extendable implementation of kestrel http server in dotnet core.,de.kuerschner.kestrel.server,False,1900-01-01T00:00:00+00:00,False,False,Extendable implementation of kestrel http server in dotnet core.,"dotnetcore,kestrel,kuerschner.kestrel,extendable,webserver,server",-1,False,1.0.4
Tobias Kürschner,2017-12-20T22:29:42.13Z,43209,121,Extendable implementation of kestrel http server in dotnet core.,de.kuerschner.kestrel.server,False,1900-01-01T00:00:00+00:00,False,False,,"dotnetcore,kestrel,kuerschner.kestrel,extendable,webserver,server",-1,False,1.0.6
Tobias Kürschner,2017-12-23T11:16:21.893Z,43209,118,Extendable implementation of kestrel http server in dotnet core.,de.kuerschner.kestrel.server,False,1900-01-01T00:00:00+00:00,False,False,,"dotnetcore,kestrel,kuerschner.kestrel,extendable,webserver,server",-1,False,1.0.9
Tobias Kürschner,2018-01-08T14:03:37.247Z,43209,102,Extendable implementation of kestrel http server in dotnet core.,de.kuerschner.kestrel.server,False,1900-01-01T00:00:00+00:00,False,False,,"dotnetcore,kestrel,kuerschner.kestrel,extendable,webserver,server",-1,False,1.0.12
Sreenivasulu,2018-02-23T09:29:05.42Z,49,56,This is used to get data very fast .This  is server side cacheing,Ziraff.WebApi.RedisCache.V2,False,2018-03-02T11:26:51.91+00:00,True,False,This is used to get data very fast .This  is server side cacheing,,2453,False,1.1.4.8
Tobias Kürschner,2018-01-08T14:17:14.007Z,43209,102,Extendable implementation of kestrel http server in dotnet core.,de.kuerschner.kestrel.server,False,1900-01-01T00:00:00+00:00,False,False,,"dotnetcore,kestrel,kuerschner.kestrel,extendable,webserver,server",-1,False,1.0.13
Tobias Kürschner,2018-01-16T13:41:54.623Z,43209,94,Extendable implementation of kestrel http server in dotnet core.,de.kuerschner.kestrel.server,False,1900-01-01T00:00:00+00:00,False,False,,"dotnetcore,kestrel,kuerschner.kestrel,extendable,webserver,server",-1,False,1.0.14
Tobias Kürschner,2018-01-28T21:32:13.323Z,43209,82,Extendable implementation of kestrel http server in dotnet core.,de.kuerschner.kestrel.server,False,1900-01-01T00:00:00+00:00,False,False,,"dotnetcore,kestrel,kuerschner.kestrel,extendable,webserver,server",-1,False,1.0.19
Tobias Kürschner,2018-01-24T14:31:43.633Z,43209,86,Extendable implementation of kestrel http server in dotnet core.,de.kuerschner.kestrel.server,False,1900-01-01T00:00:00+00:00,False,False,,"dotnetcore,kestrel,kuerschner.kestrel,extendable,webserver,server",-1,False,1.0.15
Tobias Kürschner,2017-11-26T11:54:52.257Z,43209,145,Extendable implementation of kestrel http server in dotnet core.,de.kuerschner.kestrel.server,False,1900-01-01T00:00:00+00:00,False,False,Extendable implementation of kestrel http server in dotnet core.,"dotnetcore,kestrel,kuerschner.kestrel,extendable,webserver,server",-1,False,1.0.1
Tobias Kürschner,2017-11-26T12:47:00.487Z,43209,145,Extendable implementation of kestrel http server in dotnet core.,de.kuerschner.kestrel.server,False,1900-01-01T00:00:00+00:00,False,False,Extendable implementation of kestrel http server in dotnet core.,"dotnetcore,kestrel,kuerschner.kestrel,extendable,webserver,server",-1,False,1.0.3
Tobias Kürschner,2017-12-20T21:33:59.773Z,43209,121,Extendable implementation of kestrel http server in dotnet core.,de.kuerschner.kestrel.server,False,1900-01-01T00:00:00+00:00,False,False,,"dotnetcore,kestrel,kuerschner.kestrel,extendable,webserver,server",-1,False,1.0.5
Tobias Kürschner,2017-12-20T23:11:35.157Z,43209,121,Extendable implementation of kestrel http server in dotnet core.,de.kuerschner.kestrel.server,False,1900-01-01T00:00:00+00:00,False,False,,"dotnetcore,kestrel,kuerschner.kestrel,extendable,webserver,server",-1,False,1.0.7
Tobias Kürschner,2017-12-21T20:48:39.3Z,43209,120,Extendable implementation of kestrel http server in dotnet core.,de.kuerschner.kestrel.server,False,1900-01-01T00:00:00+00:00,False,False,,"dotnetcore,kestrel,kuerschner.kestrel,extendable,webserver,server",-1,False,1.0.8
Tobias Kürschner,2018-01-04T13:10:35.64Z,43209,106,Extendable implementation of kestrel http server in dotnet core.,de.kuerschner.kestrel.server,False,1900-01-01T00:00:00+00:00,False,False,,"dotnetcore,kestrel,kuerschner.kestrel,extendable,webserver,server",-1,False,1.0.10
Sreenivasulu,2018-02-23T09:29:05.42Z,49,56,This is used to get data very fast .This  is server side cacheing,Ziraff.WebApi.RedisCache.V2,False,2018-03-02T11:26:51.91+00:00,True,False,This is used to get data very fast .This  is server side cacheing,,2453,False,1.1.4.8
Momentum,2018-02-23T09:27:43.543Z,4,56,Client for Momentum PM Portal-API,Momentum.Pm.PortalApi,True,2018-04-16T03:00:50.57+00:00,True,False,,"Momentum,PM,Fastighetssystem",687587,False,5.12.1135-beta
Anduin,2018-02-23T09:27:18.87Z,10,56,"The base class, interfaces and services for Aiursoft web apps.",Aiursoft.Pylon,False,2018-04-10T05:20:11.867+00:00,True,False,,"base-class,shared-component,aiursoft,pylon",1582,False,0.7.0
Tobias Kürschner,2018-01-28T21:42:09.853Z,43209,82,client class of kestrel http server in dotnet core.,de.kuerschner.kestrel.serverclient,False,1900-01-01T00:00:00+00:00,False,False,,"client,dotnetcore,kestrel,kuerschner.kestrel,extendable,webserver,server",-1,False,1.0.0
Momentum,2018-02-23T09:27:25.23Z,4,56,Client for Momentum PM API,Momentum.Pm.Api,True,2018-04-16T03:00:31.727+00:00,True,False,,"Momentum,PM,Fastighetssystem",593830,False,5.12.1135-beta
Sreenivasulu,2018-02-23T09:28:43.53Z,55,56,Logger is used to combination of Serilog .And u can buid ur own Extention Methods,Ziraff.Logger,False,2018-02-24T06:41:20.373+00:00,True,False,Logger is used to combination of Serilog .And u can buid ur own Extention Methods,,2411,False,1.1.5.6
Tobias Kürschner,2018-01-28T22:34:53.297Z,43209,82,client class of kestrel http server in dotnet core.,de.kuerschner.kestrel.serverclient,False,1900-01-01T00:00:00+00:00,False,False,,"client,dotnetcore,kestrel,kuerschner.kestrel,extendable,webserver,server",-1,False,1.0.1
Tobias Kürschner,2018-01-21T19:47:39.543Z,43209,89,extension package for a telegram bot in de.kuerschner.kestrel.server,de.kuerschner.kestrel.telegrambotbase,False,1900-01-01T00:00:00+00:00,False,False,,"dotnetcore,telegram,bot,kuerschner.kestrel,extension",-1,False,1.0.7
Tobias Kürschner,2017-12-21T22:23:31.14Z,43209,120,extension package for a telegram bot in de.kuerschner.kestrel.server,de.kuerschner.kestrel.telegrambotbase,False,1900-01-01T00:00:00+00:00,False,False,,"dotnetcore,telegram,bot,kuerschner.kestrel,extension",-1,False,1.0.6
Tobias Kürschner,2017-12-20T23:50:22.353Z,43209,121,extension package for a telegram bot in de.kuerschner.kestrel.server,de.kuerschner.kestrel.telegrambotbase,False,1900-01-01T00:00:00+00:00,False,False,,"dotnetcore,telegram,bot,kuerschner.kestrel,extension",-1,False,1.0.5
Tobias Kürschner,2017-12-20T22:59:01.027Z,43209,121,extension package for a telegram bot in de.kuerschner.kestrel.server,de.kuerschner.kestrel.telegrambotbase,False,1900-01-01T00:00:00+00:00,False,False,,"dotnetcore,telegram,bot,kuerschner.kestrel,extension",-1,False,1.0.4
Tobias Kürschner,2017-12-20T10:18:27.22Z,43209,121,extension package for a telegram bot in de.kuerschner.kestrel.server,de.kuerschner.kestrel.telegrambotbase,False,1900-01-01T00:00:00+00:00,False,False,,"dotnetcore,telegram,bot,kuerschner.kestrel,extension",-1,False,1.0.3
Tobias Kürschner,2017-12-07T16:36:16.457Z,43209,134,extension package for a telegram bot in de.kuerschner.kestrel.server,de.kuerschner.kestrel.telegrambotbase,False,1900-01-01T00:00:00+00:00,False,False,extension package for a telegram bot in de.kuerschner.kestrel.server,"dotnetcore,telegram,bot,kuerschner.kestrel,extension",-1,False,1.0.1
Tobias Kürschner,2017-12-06T06:14:08.35Z,43209,135,extension package for a telegram bot in de.kuerschner.kestrel.server,de.kuerschner.kestrel.telegrambotbase,False,1900-01-01T00:00:00+00:00,False,False,extension package for a telegram bot in de.kuerschner.kestrel.server,"dotnetcore,telegram,bot,kuerschner.kestrel,extension",-1,False,1.0.0
Anduin,2018-02-23T09:27:18.87Z,10,56,"The base class, interfaces and services for Aiursoft web apps.",Aiursoft.Pylon,False,2018-04-10T05:20:11.867+00:00,True,False,,"base-class,shared-component,aiursoft,pylon",1582,False,0.7.0
Maksim Kozhukh,2018-02-23T09:26:02.557Z,56,56,"The library delivers over 80 fully customizable components, provides JQuery integration and can work with any server-side platform: PHP, .NET, Java, etc. Flexible layouts, unlimited extensibility, controllable look-and-feel, and intuitive API allow creating apps of any difficulty that will work equally well on desktop, mobile and tablet devices.",Webix,False,2018-02-23T09:26:02.557+00:00,True,False,"Webix is a cross-browser, cross-device JavaScript framework for building interactive web applications using JavaScript, CSS, HTML5 techniques.","component,javascript,jquery,widget,framework,grid,tree,chart,layout,calendar",8252,False,5.2.0
Tobias Kürschner,2018-02-23T09:25:01.037Z,4,56,request and response models for de.kuerschner.kestrel http server in dotnet core.,de.kuerschner.core.requestmodels,False,2018-04-16T13:51:20.86+00:00,True,False,,"plugin,dotnetcore,kestrel,kuerschner.kestrel,extendable,webserver,server",433,False,1.0.8
Tobias Kürschner,2018-02-23T09:25:29.087Z,4,56,extension package for a telegram bot in de.kuerschner.kestrel.server,de.kuerschner.core.telegrambotbase,False,2018-04-16T13:49:46.277+00:00,True,False,,"dotnetcore,telegram,bot,kuerschner.kestrel,extension",161,False,1.0.8
Momentum,2018-02-23T09:27:43.543Z,4,56,Client for Momentum PM Portal-API,Momentum.Pm.PortalApi,True,2018-04-16T03:00:50.57+00:00,True,False,,"Momentum,PM,Fastighetssystem",687587,False,5.12.1135-beta
Sreenivasulu,2018-02-23T09:28:43.53Z,55,56,Logger is used to combination of Serilog .And u can buid ur own Extention Methods,Ziraff.Logger,False,2018-02-24T06:41:20.373+00:00,True,False,Logger is used to combination of Serilog .And u can buid ur own Extention Methods,,2411,False,1.1.5.6
Momentum,2018-02-23T09:27:25.23Z,4,56,Client for Momentum PM API,Momentum.Pm.Api,True,2018-04-16T03:00:31.727+00:00,True,False,,"Momentum,PM,Fastighetssystem",593830,False,5.12.1135-beta
Tobias Kürschner,2018-01-25T14:51:50.67Z,43209,85,User model of de.kuerschner.kestrel extendable webserver,de.kuerschner.kestrel.usermodel,False,1900-01-01T00:00:00+00:00,False,False,,"dotnetcore,kestrel,kuerschner.kestrel",-1,False,1.0.2
Tobias Kürschner,2017-12-20T11:26:51.553Z,43209,121,User model of de.kuerschner.kestrel extendable webserver,de.kuerschner.kestrel.usermodel,False,1900-01-01T00:00:00+00:00,False,False,,"dotnetcore,kestrel,kuerschner.kestrel",-1,False,1.0.1
Tobias Kürschner,2018-02-23T09:25:29.087Z,4,56,extension package for a telegram bot in de.kuerschner.kestrel.server,de.kuerschner.core.telegrambotbase,False,2018-04-16T13:49:46.277+00:00,True,False,,"dotnetcore,telegram,bot,kuerschner.kestrel,extension",161,False,1.0.8
Tobias Kürschner,2017-12-19T20:11:30.623Z,43209,122,User model of de.kuerschner.kestrel extendable webserver,de.kuerschner.kestrel.usermodel,False,1900-01-01T00:00:00+00:00,False,False,User model of de.kuerschner.kestrel extendable webserver,"dotnetcore,kestrel,kuerschner.kestrel",-1,False,1.0.0
Tobias Kürschner,2018-02-23T09:25:01.037Z,4,56,request and response models for de.kuerschner.kestrel http server in dotnet core.,de.kuerschner.core.requestmodels,False,2018-04-16T13:51:20.86+00:00,True,False,,"plugin,dotnetcore,kestrel,kuerschner.kestrel,extendable,webserver,server",433,False,1.0.8
Maksim Kozhukh,2018-02-23T09:26:02.557Z,56,56,"The library delivers over 80 fully customizable components, provides JQuery integration and can work with any server-side platform: PHP, .NET, Java, etc. Flexible layouts, unlimited extensibility, controllable look-and-feel, and intuitive API allow creating apps of any difficulty that will work equally well on desktop, mobile and tablet devices.",Webix,False,2018-02-23T09:26:02.557+00:00,True,False,"Webix is a cross-browser, cross-device JavaScript framework for building interactive web applications using JavaScript, CSS, HTML5 techniques.","component,javascript,jquery,widget,framework,grid,tree,chart,layout,calendar",8252,False,5.2.0
Tobias Kürschner,2018-01-28T22:08:40.583Z,43209,82,dotnet core api for waves platform crypto currency,de.kuerschner.kestrel.wavesapi,False,1900-01-01T00:00:00+00:00,False,False,,"dotnetcore,waves,wavesplatform,crypto,cryptocurrency,altcoin,kuerschner.kestrel",-1,False,1.0.0
Momentum,2018-02-23T09:22:37.347Z,4,56,Client for Momentum PM Portal-API,Momentum.Pm.PortalApi,False,2018-04-16T03:00:50.57+00:00,True,False,,"Momentum,PM,Fastighetssystem",687587,False,5.11.281
OPTEN AG,2018-02-23T09:22:03.64Z,11,56,"Enables Property and URL Localization for Umbraco.
Some further installations are required!",Opten.Umbraco.Localization,False,2018-04-09T06:53:57.31+00:00,True,False,,opten,1411,False,1.10.0
OPTEN AG,2018-02-23T09:21:50.673Z,11,56,This package only contains binaries.,Opten.Umbraco.Localization.Core,False,2018-04-09T06:53:43.45+00:00,True,False,,opten,1648,False,1.10.0
Momentum,2018-02-23T09:22:18.173Z,4,56,Client for Momentum PM API,Momentum.Pm.Api,False,2018-04-16T03:00:31.727+00:00,True,False,,"Momentum,PM,Fastighetssystem",593830,False,5.11.281
Momentum,2018-02-23T09:22:37.347Z,4,56,Client for Momentum PM Portal-API,Momentum.Pm.PortalApi,False,2018-04-16T03:00:50.57+00:00,True,False,,"Momentum,PM,Fastighetssystem",687587,False,5.11.281
Momentum,2018-02-23T09:22:18.173Z,4,56,Client for Momentum PM API,Momentum.Pm.Api,False,2018-04-16T03:00:31.727+00:00,True,False,,"Momentum,PM,Fastighetssystem",593830,False,5.11.281
OPTEN AG,2018-02-23T09:22:03.64Z,11,56,"Enables Property and URL Localization for Umbraco.
Some further installations are required!",Opten.Umbraco.Localization,False,2018-04-09T06:53:57.31+00:00,True,False,,opten,1411,False,1.10.0
OPTEN AG,2018-02-23T09:21:50.673Z,11,56,This package only contains binaries.,Opten.Umbraco.Localization.Core,False,2018-04-09T06:53:43.45+00:00,True,False,,opten,1648,False,1.10.0
"Dox.Sweden AB,Jovan Paskota",2018-02-23T09:19:49.683Z,22,56,Resumable Upload for Dox,Dox.Core.ResumableUpload,False,2018-03-29T08:46:56.46+00:00,True,False,,"Dox,Resumable,Upload",2422,False,3.0.2
"Dox.Sweden AB,Jovan Paskota",2018-02-23T09:19:49.683Z,22,56,Resumable Upload for Dox,Dox.Core.ResumableUpload,False,2018-03-29T08:46:56.46+00:00,True,False,,"Dox,Resumable,Upload",2422,False,3.0.2
Paweł Hemperek,2018-02-23T09:19:00.54Z,43209,56,It's a port of Jekyll whiteglass theme to Wyam world,Wyam.Whiteglass,False,1900-01-01T00:00:00+00:00,False,False,,wyam,-1,False,1.1.1
Stardust,2018-02-23T09:19:16.4Z,30,56,Create webapi controllers based on decorated interfaces.,Stardust.Interstellar.Rest.Service,True,2018-03-21T14:14:37.553+00:00,True,False,,,1137,False,1.0.0.4-pre003
Tobias Kürschner,2018-02-23T09:18:09.633Z,4,56,User model of de.kuerschner.kestrel extendable webserver,de.kuerschner.core.usermodel,False,2018-04-16T13:44:48.013+00:00,True,False,,"dotnetcore,kestrel,kuerschner.kestrel",322,False,1.0.5
Stardust,2018-02-23T09:19:16.4Z,30,56,Create webapi controllers based on decorated interfaces.,Stardust.Interstellar.Rest.Service,True,2018-03-21T14:14:37.553+00:00,True,False,,,1137,False,1.0.0.4-pre003
Tobias Kürschner,2018-02-23T09:18:09.633Z,4,56,User model of de.kuerschner.kestrel extendable webserver,de.kuerschner.core.usermodel,False,2018-04-16T13:44:48.013+00:00,True,False,,"dotnetcore,kestrel,kuerschner.kestrel",322,False,1.0.5
Tobias Kürschner,2018-02-23T09:13:50.703Z,4,56,Contains an abstract class to implement a mysql table controller.,de.kuerschner.core.mysql,False,2018-04-16T14:09:30.687+00:00,True,False,,"dotnetcore,mysql,kuerschner.kestrel,utilities,database",600,False,1.0.12
Tobias Kürschner,2018-02-23T09:13:50.703Z,4,56,Contains an abstract class to implement a mysql table controller.,de.kuerschner.core.mysql,False,2018-04-16T14:09:30.687+00:00,True,False,,"dotnetcore,mysql,kuerschner.kestrel,utilities,database",600,False,1.0.12
Paweł Hemperek,2018-02-22T07:46:41.097Z,43209,57,It's a port of Jekyll whitehall theme to Wyam world,Wyam.Whiteglass,False,1900-01-01T00:00:00+00:00,False,False,,wyam,-1,False,1.0.0
Paweł Hemperek,2018-02-23T08:24:05.41Z,43209,56,It's a port of Jekyll whiteglass theme to Wyam world,Wyam.Whiteglass,False,1900-01-01T00:00:00+00:00,False,False,,wyam,-1,False,1.1.0
Tobias Kürschner,2018-02-23T09:09:49.32Z,4,56,toolset of static cryptography functions,de.kuerschner.core.cryptography,False,2018-04-16T14:11:09.393+00:00,True,False,,"dotnetcore,cryptography,kuerschner.kestrel",103,False,1.0.3
chenrensong,2018-02-23T09:10:18.633Z,16,56,提供.NET Standard / .NET Core 常用的开发工具类，包括网络请求，图像处理，安全校验等。,SS.Toolkit,False,2018-04-04T07:16:59.6+00:00,True,False,,toolkit,1459,False,1.3.8
chenrensong,2018-02-23T09:10:18.633Z,16,56,提供.NET Standard / .NET Core 常用的开发工具类，包括网络请求，图像处理，安全校验等。,SS.Toolkit,False,2018-04-04T07:16:59.6+00:00,True,False,,toolkit,1459,False,1.3.8
Microsoft,2018-02-23T09:01:16.633Z,43209,56,This package contains Service Fabric Patch Orchestration Application.,blabla,False,1900-01-01T00:00:00+00:00,False,False,"This package contains Service Fabric Patch Orchestration Application, the application helps in keeping the nodes of service fabric cluster updated with latest OS updates. For more information refer to https://docs.microsoft.com/azure/service-fabric/service-fabric-patch-orchestration-application","PatchOrchestrationApplication,PatchOrchestrationService,POA,POS,Patch,Orchestration,Azure,Fabric,ServiceFabric,Microsoft",-1,False,0.0.0
atsushieno,2018-02-23T08:57:13.047Z,44,56,Xamarin.Android Build enhancer / booster,name.atsushieno.xamarin.android.buildenhancer,False,2018-03-07T09:22:50.75+00:00,True,False,,,431,False,1.0.0
atsushieno,2018-02-23T08:57:13.047Z,44,56,Xamarin.Android Build enhancer / booster,name.atsushieno.xamarin.android.buildenhancer,False,2018-03-07T09:22:50.75+00:00,True,False,,,431,False,1.0.0
Jason Diamond,2018-02-23T08:54:56.76Z,56,56,Compliation for Logic-less templates for .NET,Nustache.Compilation,False,2018-02-23T08:54:56.76+00:00,True,False,,"Template,Mustache",5760,False,1.16.0.8
Jason Diamond,2018-02-23T08:54:45.323Z,56,56,Logic-less templates for ASP.NET MVC 3,Nustache.Mvc3,False,2018-02-23T08:54:45.323+00:00,True,False,,"Template,Mustache,MVC",20695,False,1.16.0.8
Jason Diamond,2018-02-23T08:54:31.29Z,56,56,Logic-less templates for .NET,Nustache,False,2018-02-23T08:54:31.29+00:00,True,False,,"Template,Mustache",258773,False,1.16.0.8
Jason Diamond,2018-02-23T08:54:31.29Z,56,56,Logic-less templates for .NET,Nustache,False,2018-02-23T08:54:31.29+00:00,True,False,,"Template,Mustache",258773,False,1.16.0.8
Jason Diamond,2018-02-23T08:54:56.76Z,56,56,Compliation for Logic-less templates for .NET,Nustache.Compilation,False,2018-02-23T08:54:56.76+00:00,True,False,,"Template,Mustache",5760,False,1.16.0.8
Jason Diamond,2018-02-23T08:54:45.323Z,56,56,Logic-less templates for ASP.NET MVC 3,Nustache.Mvc3,False,2018-02-23T08:54:45.323+00:00,True,False,,"Template,Mustache,MVC",20695,False,1.16.0.8
ThinkGeo,2018-02-23T08:50:11.623Z,12,56,"ThinkGeo.MapSuite is the ThinkGeo Map Suite SDK for .NET - Core Runtime. It provides geometries, data source, layers, styles, rendering, and low level functions for building GIS applications. It is the basic core dependency package across all of the MapSuite 10.0 product line.

** This is an extension for use in ThinkGeo's Map Suite product line, see below,  as it cannot be used stand alone. **

Wiki Documentation: http://wiki.thinkgeo.com/wiki/map_suite_api

Supported Platforms: Windows, Linux, macOS, iOS, Android

- Compatible Products -
    Map Suite Desktop for WPF
    Map Suite Desktop for WinForms
    Map Suite Mobile for Android
    Map Suite Mobile for iOS
    Map Suite Web for WebForms
    Map Suite Web for MVC
    Map Suite Web for WebAPI",ThinkGeo.MapSuite,True,2018-04-08T11:11:49.913+00:00,True,False,,"Spatial,GIS,ThinkGeo,MapSuite,Map,Suite,.NET,Mapping",13567,False,11.0.0-beta059
Billecta AB,2018-02-23T08:48:03.463Z,8,56,A library to programmatically connect to Billecta API.,Billecta.Connector,False,2018-04-12T20:14:41.813+00:00,True,False,,,20765,False,1.9.10
ThinkGeo,2018-02-23T08:50:07.233Z,56,56,"“MapSuiteDependency-MicrosoftVisualCRunTime100""

** This is a repackage of Microsoft Visual C Runtime for use with ThinkGeo's Map Suite product line.  **
** You should not need to reference this package directly, it will be a dependency of other Map Suite packages. **

  The purpose of the repackage is to enable ThinkGeo to control release and debug versions known to be compatible with various Map Suite products and to provide ongoing backward compatibility independent from the original author.  You can find more information at the link below.

Why we repackage:  http://wiki.thinkgeo.com/wiki/repackagednugetpackages

Supported Platforms: Windows, Linux, MacOS

Source Website: https://msdn.microsoft.com/",MapSuiteDependency-MicrosoftVisualCRunTime100,False,2018-02-23T08:50:07.233+00:00,True,False,,,6000,False,10.2.2
ThinkGeo,2018-02-23T08:50:11.623Z,12,56,"ThinkGeo.MapSuite is the ThinkGeo Map Suite SDK for .NET - Core Runtime. It provides geometries, data source, layers, styles, rendering, and low level functions for building GIS applications. It is the basic core dependency package across all of the MapSuite 10.0 product line.

** This is an extension for use in ThinkGeo's Map Suite product line, see below,  as it cannot be used stand alone. **

Wiki Documentation: http://wiki.thinkgeo.com/wiki/map_suite_api

Supported Platforms: Windows, Linux, macOS, iOS, Android

- Compatible Products -
    Map Suite Desktop for WPF
    Map Suite Desktop for WinForms
    Map Suite Mobile for Android
    Map Suite Mobile for iOS
    Map Suite Web for WebForms
    Map Suite Web for MVC
    Map Suite Web for WebAPI",ThinkGeo.MapSuite,True,2018-04-08T11:11:49.913+00:00,True,False,,"Spatial,GIS,ThinkGeo,MapSuite,Map,Suite,.NET,Mapping",13567,False,11.0.0-beta059
ThinkGeo,2018-02-23T08:50:07.233Z,56,56,"“MapSuiteDependency-MicrosoftVisualCRunTime100""

** This is a repackage of Microsoft Visual C Runtime for use with ThinkGeo's Map Suite product line.  **
** You should not need to reference this package directly, it will be a dependency of other Map Suite packages. **

  The purpose of the repackage is to enable ThinkGeo to control release and debug versions known to be compatible with various Map Suite products and to provide ongoing backward compatibility independent from the original author.  You can find more information at the link below.

Why we repackage:  http://wiki.thinkgeo.com/wiki/repackagednugetpackages

Supported Platforms: Windows, Linux, MacOS

Source Website: https://msdn.microsoft.com/",MapSuiteDependency-MicrosoftVisualCRunTime100,False,2018-02-23T08:50:07.233+00:00,True,False,,,6000,False,10.2.2
Billecta AB,2018-02-23T08:48:03.463Z,8,56,A library to programmatically connect to Billecta API.,Billecta.Connector,False,2018-04-12T20:14:41.813+00:00,True,False,,,20765,False,1.9.10
Ian Carey,2018-02-23T08:44:15.487Z,51,56,A simple .NET mail client,GoodBearMailClient,False,2018-02-28T19:50:51.523+00:00,True,False,,"GoodBearMailClient,GoodBear,Mail",131,False,1.0.0
Ian Carey,2018-02-23T08:44:15.487Z,51,56,A simple .NET mail client,GoodBearMailClient,False,2018-02-28T19:50:51.523+00:00,True,False,,"GoodBearMailClient,GoodBear,Mail",131,False,1.0.0
mihasic,2018-02-23T08:41:17.29Z,10,56,NodeJS 9.6.0 for Win x64 to embed in build scripts.,Nodejs.Redist.x64,False,2018-04-10T08:04:31.71+00:00,True,False,NodeJS to embed in build scripts.,"nodejs,x64",7934,False,9.6.0
Liquid Technologies Ltd,2018-02-23T08:39:21.833Z,20,56,Liquid XML Data Binder 2018 Runtime - Provides standard functionality for XML Wrapper classes,LiquidTechnologies.Runtime,False,2018-03-31T10:01:44.927+00:00,True,False,,"Liquid,XML,Runtime",509,False,16.0.3
Lee,2018-02-23T08:39:18.693Z,3,56,MES系统接口,Realgoal.MES.IAppService.ShanMu,False,2018-04-17T08:30:17.38+00:00,True,False,,,2522,False,1.0.5
Kosei Abe;Jean-Michel Perraud;mokeyish,2018-02-23T08:39:36.46Z,56,56,"A .NET interoperability library to access the R statistical language runtime from .NET languages. The library is designed for fast data exchange, in process.",RCore.NET,True,2018-02-23T08:39:36.46+00:00,True,False,RCore.NET,".NET,R,R.NET,visualization,statistics,C#,F#",107,False,1.71.0-alpha02
Stardust,2018-02-23T08:42:40.543Z,10,56,Client for the continuum live log stream service,Stardust.Continuum.Client,True,2018-04-10T12:56:35.163+00:00,True,False,,"logging,real-time,stream",5098,False,2.0.1-pre0001
MiX Telematics,2018-02-23T08:38:33.8Z,7,56,The MiX.Integrate.Shared assembly implements the MiX.Integrate entities,MiX.Integrate.Shared,False,2018-04-13T14:23:59.89+00:00,True,False,,"MiX,Integrate,Shared",1251,False,2018.2.23.1
Stardust,2018-02-23T08:42:40.543Z,10,56,Client for the continuum live log stream service,Stardust.Continuum.Client,True,2018-04-10T12:56:35.163+00:00,True,False,,"logging,real-time,stream",5098,False,2.0.1-pre0001
Kosei Abe;Jean-Michel Perraud;mokeyish,2018-02-23T08:39:36.46Z,56,56,"A .NET interoperability library to access the R statistical language runtime from .NET languages. The library is designed for fast data exchange, in process.",RCore.NET,True,2018-02-23T08:39:36.46+00:00,True,False,RCore.NET,".NET,R,R.NET,visualization,statistics,C#,F#",107,False,1.71.0-alpha02
MiX Telematics,2018-02-23T08:38:33.8Z,7,56,The MiX.Integrate.Shared assembly implements the MiX.Integrate entities,MiX.Integrate.Shared,False,2018-04-13T14:23:59.89+00:00,True,False,,"MiX,Integrate,Shared",1251,False,2018.2.23.1
Lee,2018-02-23T08:39:18.693Z,3,56,MES系统接口,Realgoal.MES.IAppService.ShanMu,False,2018-04-17T08:30:17.38+00:00,True,False,,,2522,False,1.0.5
Liquid Technologies Ltd,2018-02-23T08:39:21.833Z,20,56,Liquid XML Data Binder 2018 Runtime - Provides standard functionality for XML Wrapper classes,LiquidTechnologies.Runtime,False,2018-03-31T10:01:44.927+00:00,True,False,,"Liquid,XML,Runtime",509,False,16.0.3
MiX Telematics,2018-02-23T08:38:20.143Z,7,56,The MiX.Integrate.Api.Client assembly implements a client library for accessing the MiX Integrate Api,MiX.Integrate.Api.Client,False,2018-04-13T14:23:46.077+00:00,True,False,,"MiX,Integrate,Api,Client",1728,False,2018.2.23.1
Momentum,2018-02-23T08:37:17.08Z,4,56,Client for Momentum PM Portal-API,Momentum.Pm.PortalApi,True,2018-04-16T03:00:50.57+00:00,True,False,,"Momentum,PM,Fastighetssystem",687587,False,5.12.1134-beta
Momentum,2018-02-23T08:36:58.58Z,4,56,Client for Momentum PM API,Momentum.Pm.Api,True,2018-04-16T03:00:31.727+00:00,True,False,,"Momentum,PM,Fastighetssystem",593830,False,5.12.1134-beta
Lluis Sanchez,2018-02-23T08:36:00.513Z,2,56,"Xwt is a cross-platform UI toolkit for creating desktop applications with .NET and Mono.

This package contains the Xamarin.Mac based Mac/Cocoa toolkit backend for Xwt applications targeting OS X.

Xwt.XamMac requires Xamarin.Mac to be installed.",Xwt.XamMac,False,2018-04-18T12:48:08.843+00:00,True,False,Xamarin Mac Toolkit for the Xwt UI Framework,"xwt,cross,platform,gui,ui,toolkit,framework,desktop,mac,osx,monomac,cocoa",8394,False,0.2.77
Lluis Sanchez,2018-02-23T08:36:00.513Z,2,56,"Xwt is a cross-platform UI toolkit for creating desktop applications with .NET and Mono.

This package contains the Xamarin.Mac based Mac/Cocoa toolkit backend for Xwt applications targeting OS X.

Xwt.XamMac requires Xamarin.Mac to be installed.",Xwt.XamMac,False,2018-04-18T12:48:08.843+00:00,True,False,Xamarin Mac Toolkit for the Xwt UI Framework,"xwt,cross,platform,gui,ui,toolkit,framework,desktop,mac,osx,monomac,cocoa",8394,False,0.2.77
MiX Telematics,2018-02-23T08:38:20.143Z,7,56,The MiX.Integrate.Api.Client assembly implements a client library for accessing the MiX Integrate Api,MiX.Integrate.Api.Client,False,2018-04-13T14:23:46.077+00:00,True,False,,"MiX,Integrate,Api,Client",1728,False,2018.2.23.1
Momentum,2018-02-23T08:37:17.08Z,4,56,Client for Momentum PM Portal-API,Momentum.Pm.PortalApi,True,2018-04-16T03:00:50.57+00:00,True,False,,"Momentum,PM,Fastighetssystem",687587,False,5.12.1134-beta
Momentum,2018-02-23T08:36:58.58Z,4,56,Client for Momentum PM API,Momentum.Pm.Api,True,2018-04-16T03:00:31.727+00:00,True,False,,"Momentum,PM,Fastighetssystem",593830,False,5.12.1134-beta
Lluis Sanchez,2018-02-23T08:35:35.763Z,2,56,"Xwt is a cross-platform UI toolkit for creating desktop applications with .NET and Mono.

This package contains the GTK3 toolkit backend for Xwt based applications targeting GTK3.

Xwt.Gtk3 requires gtk-sharp3 (https://github.com/mono/gtk-sharp/). The Windows installation package can be obtained from https://download.gnome.org/binaries/win32/gtk-sharp/.",Xwt.Gtk3,False,2018-04-18T12:47:45.577+00:00,True,False,Gtk3 Toolkit for the Xwt UI Framework,"xwt,cross,platform,gui,ui,toolkit,framework,desktop,gtk,gtk3",7510,False,0.2.77
Lluis Sanchez,2018-02-23T08:35:48.373Z,2,56,"Xwt is a cross-platform UI toolkit for creating desktop applications with .NET and Mono.
		
This package contains the WPF toolkit backend for Xwt based applications targeting WPF (Windows Presentation Foundation).",Xwt.WPF,False,2018-04-18T12:47:57.107+00:00,True,False,Wpf Toolkit for the Xwt UI Framework,"xwt,cross,platform,gui,ui,toolkit,framework,desktop,wpf",8276,False,0.2.77
"NAXAM CO.,LTD",2018-02-23T08:34:04.383Z,55,56,Xamarin Binding Library - BrainTree Android SDK,Naxam.BrainTree.Droid,False,2018-02-24T16:13:29.87+00:00,True,False,Xamarin Binding Library - BrainTree Android SDK,"Xamarin.Android,braintree,sdk",3051,False,2.10.0
Lluis Sanchez,2018-02-23T08:34:58.84Z,2,56,"Xwt is a cross-platform UI toolkit for creating desktop applications with .NET and Mono.

This package contains the GTK toolkit backend for Xwt based applications targeting GTK2.

Xwt.Gtk requires gtk-sharp (https://github.com/mono/gtk-sharp/). The Windows installation package can be obtained from http://www.monodevelop.com/download/#win.",Xwt.Gtk,False,2018-04-18T12:47:10.12+00:00,True,False,Gtk Toolkit for the Xwt UI Framework,"xwt,cross,platform,gui,ui,toolkit,framework,desktop,gtk,gtk2",8563,False,0.2.77
Lluis Sanchez,2018-02-23T08:35:10.903Z,2,56,"Xwt is a cross-platform UI toolkit for creating desktop applications with .NET and Mono.

This package contains the GTK toolkit backend for Xwt based applications targeting GTK2 on Mac.

Xwt.Gtk requires gtk-sharp (https://github.com/mono/gtk-sharp/). The Windows installation package can be obtained from http://www.monodevelop.com/download/#win.",Xwt.Gtk.Mac,False,2018-04-18T12:47:22.45+00:00,True,False,Gtk Toolkit for the Xwt UI Framework on Mac,"xwt,cross,platform,gui,ui,toolkit,framework,desktop,gtk,gtk2",7067,False,0.2.77
Lluis Sanchez,2018-02-23T08:35:21.903Z,2,56,"Xwt is a cross-platform UI toolkit for creating desktop applications with .NET and Mono.

This package contains the GTK toolkit backend for Xwt based applications targeting GTK2 on Windows.

Xwt.Gtk requires gtk-sharp (https://github.com/mono/gtk-sharp/). The Windows installation package can be obtained from http://www.monodevelop.com/download/#win.",Xwt.Gtk.Windows,False,2018-04-18T12:47:34.09+00:00,True,False,Gtk Toolkit for the Xwt UI Framework on Windows,"xwt,cross,platform,gui,ui,toolkit,framework,desktop,gtk,gtk2",7515,False,0.2.77
Lluis Sanchez,2018-02-23T08:34:46.747Z,2,56,"Xwt is a cross-platform UI toolkit for creating desktop applications with .NET and Mono that run on multiple platforms from the same codebase.

Xwt works by exposing one unified API across all environments that is mapped to a set of native controls on each platform.

The framework consists of the frontend (Xwt core) and platform specific backends. Additionally to this core Xwt package you need to add an Xwt toolkit package (Xwt.*) for every platform you want your application to target.",Xwt,False,2018-04-18T12:46:55.713+00:00,True,False,Xwt UI Framework,"xwt,cross,platform,gui,ui,toolkit,framework,desktop,wpf,mac,osx,monomac,cocoa,gtk",16442,False,0.2.77
Lluis Sanchez,2018-02-23T08:35:10.903Z,2,56,"Xwt is a cross-platform UI toolkit for creating desktop applications with .NET and Mono.

This package contains the GTK toolkit backend for Xwt based applications targeting GTK2 on Mac.

Xwt.Gtk requires gtk-sharp (https://github.com/mono/gtk-sharp/). The Windows installation package can be obtained from http://www.monodevelop.com/download/#win.",Xwt.Gtk.Mac,False,2018-04-18T12:47:22.45+00:00,True,False,Gtk Toolkit for the Xwt UI Framework on Mac,"xwt,cross,platform,gui,ui,toolkit,framework,desktop,gtk,gtk2",7067,False,0.2.77
Lluis Sanchez,2018-02-23T08:34:58.84Z,2,56,"Xwt is a cross-platform UI toolkit for creating desktop applications with .NET and Mono.

This package contains the GTK toolkit backend for Xwt based applications targeting GTK2.

Xwt.Gtk requires gtk-sharp (https://github.com/mono/gtk-sharp/). The Windows installation package can be obtained from http://www.monodevelop.com/download/#win.",Xwt.Gtk,False,2018-04-18T12:47:10.12+00:00,True,False,Gtk Toolkit for the Xwt UI Framework,"xwt,cross,platform,gui,ui,toolkit,framework,desktop,gtk,gtk2",8563,False,0.2.77
Lluis Sanchez,2018-02-23T08:35:48.373Z,2,56,"Xwt is a cross-platform UI toolkit for creating desktop applications with .NET and Mono.
		
This package contains the WPF toolkit backend for Xwt based applications targeting WPF (Windows Presentation Foundation).",Xwt.WPF,False,2018-04-18T12:47:57.107+00:00,True,False,Wpf Toolkit for the Xwt UI Framework,"xwt,cross,platform,gui,ui,toolkit,framework,desktop,wpf",8276,False,0.2.77
Lluis Sanchez,2018-02-23T08:34:46.747Z,2,56,"Xwt is a cross-platform UI toolkit for creating desktop applications with .NET and Mono that run on multiple platforms from the same codebase.

Xwt works by exposing one unified API across all environments that is mapped to a set of native controls on each platform.

The framework consists of the frontend (Xwt core) and platform specific backends. Additionally to this core Xwt package you need to add an Xwt toolkit package (Xwt.*) for every platform you want your application to target.",Xwt,False,2018-04-18T12:46:55.713+00:00,True,False,Xwt UI Framework,"xwt,cross,platform,gui,ui,toolkit,framework,desktop,wpf,mac,osx,monomac,cocoa,gtk",16442,False,0.2.77
Lluis Sanchez,2018-02-23T08:35:35.763Z,2,56,"Xwt is a cross-platform UI toolkit for creating desktop applications with .NET and Mono.

This package contains the GTK3 toolkit backend for Xwt based applications targeting GTK3.

Xwt.Gtk3 requires gtk-sharp3 (https://github.com/mono/gtk-sharp/). The Windows installation package can be obtained from https://download.gnome.org/binaries/win32/gtk-sharp/.",Xwt.Gtk3,False,2018-04-18T12:47:45.577+00:00,True,False,Gtk3 Toolkit for the Xwt UI Framework,"xwt,cross,platform,gui,ui,toolkit,framework,desktop,gtk,gtk3",7510,False,0.2.77
Lluis Sanchez,2018-02-23T08:35:21.903Z,2,56,"Xwt is a cross-platform UI toolkit for creating desktop applications with .NET and Mono.

This package contains the GTK toolkit backend for Xwt based applications targeting GTK2 on Windows.

Xwt.Gtk requires gtk-sharp (https://github.com/mono/gtk-sharp/). The Windows installation package can be obtained from http://www.monodevelop.com/download/#win.",Xwt.Gtk.Windows,False,2018-04-18T12:47:34.09+00:00,True,False,Gtk Toolkit for the Xwt UI Framework on Windows,"xwt,cross,platform,gui,ui,toolkit,framework,desktop,gtk,gtk2",7515,False,0.2.77
"NAXAM CO.,LTD",2018-02-23T08:32:58.24Z,55,56,Xamarin.Android Binding Library - Paypal OneTouch,Naxam.Paypal.OneTouch,False,2018-02-24T16:12:21.15+00:00,True,False,Xamarin.Android Binding Library - Paypal OneTouch,"Xamarin.Android,paypal,onetouch,one-touch,paypal-one-touch",2987,False,2.10.0
Momentum,2018-02-23T08:32:58.46Z,4,56,Client for Momentum PM API,Momentum.Pm.Api,True,2018-04-16T03:00:31.727+00:00,True,False,,"Momentum,PM,Fastighetssystem",593830,False,5.12.1133-beta
Brendan van Rooyen,2018-02-23T08:34:04.54Z,56,56,Machine Learning made simple.,FLearn,False,2018-02-23T08:34:04.54+00:00,True,False,,"MachineLearning,Statistics",626,False,1.1.3
gentaro,2018-02-23T08:32:01.38Z,41,56,Zaif API (v1.1.1) Wrapper Library.,ZaifApiWrapper,False,2018-03-10T14:33:30.61+00:00,True,False,,,538,False,1.1.0
Momentum,2018-02-23T08:33:16.367Z,4,56,Client for Momentum PM Portal-API,Momentum.Pm.PortalApi,True,2018-04-16T03:00:50.57+00:00,True,False,,"Momentum,PM,Fastighetssystem",687587,False,5.12.1133-beta
"NAXAM CO.,LTD",2018-02-23T08:30:57.94Z,55,56,Xamarin Android Binding Library - BrainTree Core,Naxam.BrainTree.Core,False,2018-02-24T16:10:11.893+00:00,True,False,Xamarin Android Binding Library - BrainTree Core,"Xamarin.Android,braintree,core,braintree-core",3024,False,2.10.0
"NAXAM CO.,LTD",2018-02-23T08:31:58.707Z,55,56,Xamarin Android Binding Library - Paypal DataCollector,Naxam.Paypal.DataCollector,False,2018-02-24T16:11:14.21+00:00,True,False,Xamarin Android Binding Library - Paypal DataCollector,"Xamarin.Android,paypal,datacollector,data-collector",2890,False,2.10.0
Momentum,2018-02-23T08:33:16.367Z,4,56,Client for Momentum PM Portal-API,Momentum.Pm.PortalApi,True,2018-04-16T03:00:50.57+00:00,True,False,,"Momentum,PM,Fastighetssystem",687587,False,5.12.1133-beta
Brendan van Rooyen,2018-02-23T08:34:04.54Z,56,56,Machine Learning made simple.,FLearn,False,2018-02-23T08:34:04.54+00:00,True,False,,"MachineLearning,Statistics",626,False,1.1.3
"NAXAM CO.,LTD",2018-02-23T08:32:58.24Z,55,56,Xamarin.Android Binding Library - Paypal OneTouch,Naxam.Paypal.OneTouch,False,2018-02-24T16:12:21.15+00:00,True,False,Xamarin.Android Binding Library - Paypal OneTouch,"Xamarin.Android,paypal,onetouch,one-touch,paypal-one-touch",2987,False,2.10.0
"NAXAM CO.,LTD",2018-02-23T08:30:57.94Z,55,56,Xamarin Android Binding Library - BrainTree Core,Naxam.BrainTree.Core,False,2018-02-24T16:10:11.893+00:00,True,False,Xamarin Android Binding Library - BrainTree Core,"Xamarin.Android,braintree,core,braintree-core",3024,False,2.10.0
"NAXAM CO.,LTD",2018-02-23T08:31:58.707Z,55,56,Xamarin Android Binding Library - Paypal DataCollector,Naxam.Paypal.DataCollector,False,2018-02-24T16:11:14.21+00:00,True,False,Xamarin Android Binding Library - Paypal DataCollector,"Xamarin.Android,paypal,datacollector,data-collector",2890,False,2.10.0
gentaro,2018-02-23T08:32:01.38Z,41,56,Zaif API (v1.1.1) Wrapper Library.,ZaifApiWrapper,False,2018-03-10T14:33:30.61+00:00,True,False,,,538,False,1.1.0
Momentum,2018-02-23T08:32:58.46Z,4,56,Client for Momentum PM API,Momentum.Pm.Api,True,2018-04-16T03:00:31.727+00:00,True,False,,"Momentum,PM,Fastighetssystem",593830,False,5.12.1133-beta
Crahun,2018-02-23T08:29:49.373Z,56,56,A Redysys TPV lbrary for .NET Standard. It supports SHA256.,RedsysTPV.NetStandard,False,2018-02-23T08:29:49.373+00:00,True,False,,,290,False,1.0.2
Crahun,2018-02-23T08:29:49.373Z,56,56,A Redysys TPV lbrary for .NET Standard. It supports SHA256.,RedsysTPV.NetStandard,False,2018-02-23T08:29:49.373+00:00,True,False,,,290,False,1.0.2
Opportunity,2018-02-23T08:25:02.13Z,4,56,A tool to generate classes for UWP string resources.,Opportunity.ResourceGenerator,False,2018-04-16T04:03:50.53+00:00,True,False,,"UWP,resw,resjson,resources,localization",2300,False,1.2.4
Paweł Hemperek,2018-02-23T08:24:05.41Z,43209,56,It's a port of Jekyll whiteglass theme to Wyam world,Wyam.Whiteglass,False,1900-01-01T00:00:00+00:00,False,False,,wyam,-1,False,1.1.0
Opportunity,2018-02-23T08:25:02.13Z,4,56,A tool to generate classes for UWP string resources.,Opportunity.ResourceGenerator,False,2018-04-16T04:03:50.53+00:00,True,False,,"UWP,resw,resjson,resources,localization",2300,False,1.2.4
Paweł Hemperek,2018-02-23T08:24:05.41Z,43209,56,It's a port of Jekyll whiteglass theme to Wyam world,Wyam.Whiteglass,False,1900-01-01T00:00:00+00:00,False,False,,wyam,-1,False,1.1.0
Microsoft,2018-02-23T08:22:32.437Z,21,56,This package contains official SharePoint and Project Client Object Model libraries for SharePoint and Project Online.,Microsoft.SharePointOnline.CSOM,False,2018-03-30T13:05:53.017+00:00,True,False,,"Microsoft,Office,API,SharePoint,Client,Object,Model,CSOM,Portable,Windows8,WindowsPhone8,Windows,Project",462546,True,16.1.7414.1200
Paket team,2018-02-23T08:19:50.32Z,2,56,A dependency manager for .NET with support for NuGet packages and git repositories.,Paket.Core,False,2018-04-18T10:23:20.457+00:00,True,False,A dependency manager for .NET with support for NuGet packages and git repositories.,"nuget,bundler,F#",298256,False,5.141.0
Paket team,2018-02-23T08:20:06.743Z,2,56,A dependency manager for .NET with support for NuGet packages and git repositories.,Paket,False,2018-04-18T10:23:50.3+00:00,True,False,A dependency manager for .NET with support for NuGet packages and git repositories.,"nuget,bundler,F#",835609,False,5.141.0
Harsha,2018-02-23T08:22:51.763Z,56,56,Package Description,LegaOne.GetVaultSecrets,False,2018-02-23T11:01:47.067+00:00,True,False,,,287,False,1.0.1
Paket team,2018-02-23T08:19:46.023Z,56,56,A dependency manager for .NET with support for NuGet packages and git repositories.,paket.bootstrapper,False,2018-02-23T08:19:46.023+00:00,True,False,A dependency manager for .NET with support for NuGet packages and git repositories.,"nuget,bundler,F#",7110,False,5.141.0
Harsha,2018-02-23T08:22:51.763Z,56,56,Package Description,LegaOne.GetVaultSecrets,False,2018-02-23T11:01:47.067+00:00,True,False,,,287,False,1.0.1
Paket team,2018-02-23T08:19:46.023Z,56,56,A dependency manager for .NET with support for NuGet packages and git repositories.,paket.bootstrapper,False,2018-02-23T08:19:46.023+00:00,True,False,A dependency manager for .NET with support for NuGet packages and git repositories.,"nuget,bundler,F#",7110,False,5.141.0
Paket team,2018-02-23T08:19:50.32Z,2,56,A dependency manager for .NET with support for NuGet packages and git repositories.,Paket.Core,False,2018-04-18T10:23:20.457+00:00,True,False,A dependency manager for .NET with support for NuGet packages and git repositories.,"nuget,bundler,F#",298256,False,5.141.0
Paket team,2018-02-23T08:20:06.743Z,2,56,A dependency manager for .NET with support for NuGet packages and git repositories.,Paket,False,2018-04-18T10:23:50.3+00:00,True,False,A dependency manager for .NET with support for NuGet packages and git repositories.,"nuget,bundler,F#",835609,False,5.141.0
ITXpress A/S,2018-02-23T08:17:24.19Z,1,56,Shared entities for Anysense,AnySenseService.Entities.Shared,False,2018-04-19T09:21:42.557+00:00,True,False,,,1873,False,3.0.6628.16711
ITXpress A/S,2018-02-23T08:17:46.067Z,1,56,Model Library for Anysense API v1.0,AnySenseService.Entities.API.PublicAPI.V1,False,2018-04-19T09:21:53.65+00:00,True,False,,,2567,False,3.0.6628.16723
ITXpress A/S,2018-02-23T08:17:46.067Z,1,56,Model Library for Anysense API v1.0,AnySenseService.Entities.API.PublicAPI.V1,False,2018-04-19T09:21:53.65+00:00,True,False,,,2567,False,3.0.6628.16723
ITXpress A/S,2018-02-23T08:17:24.19Z,1,56,Shared entities for Anysense,AnySenseService.Entities.Shared,False,2018-04-19T09:21:42.557+00:00,True,False,,,1873,False,3.0.6628.16711
ITXpress A/S,2018-02-23T08:14:47.733Z,44,56,Client library for Anysense API,AnysenseUtils.ApiClient,False,2018-03-07T07:58:07.29+00:00,True,False,,,2220,False,1.1.6628.16633
Opportunity,2018-02-23T08:13:46.793Z,2,56,An Mvvm lib for UWP apps.,Opportunity.MvvmUniverse,False,2018-04-18T08:18:23.42+00:00,True,False,,"UWP,mvvm,observable",6906,False,2.1.6
ITXpress A/S,2018-02-23T08:14:47.733Z,44,56,Client library for Anysense API,AnysenseUtils.ApiClient,False,2018-03-07T07:58:07.29+00:00,True,False,,,2220,False,1.1.6628.16633
Opportunity,2018-02-23T08:13:46.793Z,2,56,An Mvvm lib for UWP apps.,Opportunity.MvvmUniverse,False,2018-04-18T08:18:23.42+00:00,True,False,,"UWP,mvvm,observable",6906,False,2.1.6
Paket team,2018-02-23T08:12:55.167Z,2,56,A dependency manager for .NET with support for NuGet packages and git repositories.,Paket,False,2018-04-18T10:23:50.3+00:00,True,False,A dependency manager for .NET with support for NuGet packages and git repositories.,"nuget,bundler,F#",835609,False,5.140.0
Paket team,2018-02-23T08:12:33.637Z,56,56,A dependency manager for .NET with support for NuGet packages and git repositories.,paket.bootstrapper,False,2018-02-23T08:19:46.023+00:00,True,False,A dependency manager for .NET with support for NuGet packages and git repositories.,"nuget,bundler,F#",7110,False,5.140.0
Paket team,2018-02-23T08:12:41.54Z,2,56,A dependency manager for .NET with support for NuGet packages and git repositories.,Paket.Core,False,2018-04-18T10:23:20.457+00:00,True,False,A dependency manager for .NET with support for NuGet packages and git repositories.,"nuget,bundler,F#",298256,False,5.140.0
Paket team,2018-02-23T08:12:55.167Z,2,56,A dependency manager for .NET with support for NuGet packages and git repositories.,Paket,False,2018-04-18T10:23:50.3+00:00,True,False,A dependency manager for .NET with support for NuGet packages and git repositories.,"nuget,bundler,F#",835609,False,5.140.0
Paket team,2018-02-23T08:12:33.637Z,56,56,A dependency manager for .NET with support for NuGet packages and git repositories.,paket.bootstrapper,False,2018-02-23T08:19:46.023+00:00,True,False,A dependency manager for .NET with support for NuGet packages and git repositories.,"nuget,bundler,F#",7110,False,5.140.0
百小僧,2018-02-23T08:08:05.86Z,43209,56,Clay升级版,Monk.Clay,False,1900-01-01T00:00:00+00:00,False,False,,,-1,False,1.0.2
百小僧,2018-02-23T08:08:05.86Z,43209,56,Clay升级版,Monk.Clay,False,1900-01-01T00:00:00+00:00,False,False,,,-1,False,1.0.2
Microsoft,2018-02-23T08:04:05.023Z,56,56,Components for providing real-time bi-directional communication across the Web.,Qin.AspNetCore.Sockets.Abstractions,True,2018-02-23T08:04:05.023+00:00,True,False,,"aspnetcore,signalr",83,False,1.0.0-alpha1-final
Kentico,2018-02-23T08:04:11.163Z,1,56,The runtime assemblies for Web Forms applications that use Kentico API.,Kentico.Libraries.Web.UI,False,2018-04-20T09:34:46.96+00:00,True,False,,"kentico,api,webforms",11159,True,11.0.9
Kentico,2018-02-23T08:03:35.913Z,1,56,The runtime assemblies for libraries and applications that use Kentico API.,Kentico.Libraries,False,2018-04-20T09:34:41.913+00:00,True,False,,"kentico,api",42770,True,11.0.9
Microsoft,2018-02-23T08:04:37.917Z,56,56,Client for ASP.NET Core SignalR,Qin.AspNetCore.Sockets.Client.Http,True,2018-02-23T08:04:37.917+00:00,True,False,,"aspnetcore,signalr",64,False,1.0.0-alpha1-final
Microsoft,2018-02-23T08:05:32.2Z,56,56,Components for providing real-time bi-directional communication across the Web.,Qin.AspNetCore.Sockets.Http,True,2018-02-23T08:05:32.2+00:00,True,False,,"aspnetcore,signalr",66,False,1.0.0-alpha1-final
Microsoft,2018-02-23T08:05:08.527Z,56,56,Common primitives for Sockets clients and servers,Qin.AspNetCore.Sockets.Common.Http,True,2018-02-23T08:05:08.527+00:00,True,False,,"aspnetcore,signalr",72,False,1.0.0-alpha1-final
Kentico,2018-02-23T08:03:10.193Z,1,56,English localization of Kentico.,Kentico.LanguagePack.English,False,2018-04-20T09:34:38.103+00:00,True,False,,"kentico,localization",25333,True,11.0.9
Kentico,2018-02-23T08:03:54.477Z,1,56,Framework that gives you an efficient way to create automated tests for the Kentico API. Provides base classes for tests and additional supporting API.,Kentico.Libraries.Tests,False,2018-04-20T09:34:44.057+00:00,True,False,,"kentico,unit,integration,tests,support",11537,True,11.0.9
Microsoft,2018-02-23T08:03:31.49Z,56,56,Components for providing real-time bi-directional communication across the Web.,Qin.AspNetCore.Sockets,True,2018-02-23T08:03:31.49+00:00,True,False,,"aspnetcore,signalr",65,False,1.0.0-alpha1-final
